50
13
98

146
0 27 3 0 30 4 0 31 3 0 32 5 0 36 5 0 37 4 0 42 5 0 48 3
1 21 5 1 33 4
2 3 2 2 5 5 2 18 3 2 36 3 2 38 2 2 42 3 2 47 5
3 5 5 3 18 5 3 27 5 3 36 3 3 38 1 3 42 2
4 5 3 4 18 5 4 19 5 4 39 2
5 18 4 5 19 5 5 20 5 5 38 5 5 39 2 5 41 5 5 47 5
6 8 2 6 9 5 6 11 3 6 17 5 6 25 3 6 26 1 6 28 4 6 29 5 6 34 5 6 35 3 6 45 4 6 46 5
7 12 3 7 16 2 7 40 5 7 44 1
8 9 3 8 11 4 8 17 4 8 25 4 8 26 2 8 28 3 8 34 5 8 35 3 8 45 3
9 11 5 9 26 5 9 28 5 9 34 5 9 45 3
10 31 4 10 42 5
11 15 5 11 25 2 11 26 4 11 34 3 11 35 5 11 45 3
12 16 2 12 40 4 12 44 4 12 49 5
13 14 3 13 21 3
14 21 2
15 22 3 15 25 4 15 34 5 15 37 5 15 48 5
16 40 3 16 44 3
17 23 5 17 26 5 17 28 2 17 35 3
18 19 3 18 38 4 18 39 5 18 47 2
19 43 5 19 47 2
20 23 3 20 41 3 20 46 5
22 34 5
23 41 4
24 30 3 24 32 2 24 33 4 24 49 5
25 26 3 25 29 5 25 34 4 25 35 5 25 45 4 25 46 5
26 28 4 26 29 4 26 35 2 26 45 5 26 46 5
27 29 5 27 31 3 27 36 3 27 42 4 27 48 4
28 35 3
29 35 5 29 36 5 29 46 2
30 31 4 30 32 2
31 32 4 31 36 5 31 42 5 31 48 5
32 33 5
33 49 4
34 45 4
35 45 5 35 46 4
36 38 3 36 42 1 36 46 5
37 48 3
38 42 3 38 47 5
39 41 4
40 44 5
43 47 4
46 48 4




3
6 26 1
6 8 1
8 26 2

6
3 38 3 4
14 21 14 22
13 21 13 22
11 25 11 48
2 3 2 10
36 42 36 1

