60 4
14 12 13 12 
29 0 673 2 0 0 0 4 49 56 27 1
49 328 997 9 0 9 1 0
32 212 1123 9 8 8 0 0
73 310 982 0 8 10 7 1 31
61 0 1141 0 9 0 8 2 34 28
85 0 979 0 2 7 6 2 36 15
56 0 1031 0 0 0 5 1 45
98 0 841 10 0 0 7 2 35 19
75 186 1163 6 0 0 0 0
41 0 1131 0 9 8 4 2 47 50
87 0 869 0 0 0 10 2 35 30
69 161 956 6 0 1 10 1 21
33 0 714 0 0 8 0 0
80 0 1009 10 0 1 1 1 1
70 1 904 0 5 7 8 0
92 283 1466 4 5 0 0 0
15 0 847 8 0 0 0 1 6
12 338 989 0 9 0 7 0
44 0 923 7 0 5 3 3 41 2 3
76 476 573 7 6 4 0 4 28 14 34 21
61 0 1011 3 0 0 6 1 31
13 263 1370 8 5 6 0 0
11 0 592 5 0 2 0 0
81 0 1073 0 5 0 0 1 57
97 674 1546 4 4 2 0 1 31
65 119 1216 1 0 3 9 0
62 0 844 3 0 0 0 3 8 30 50
71 487 565 4 0 7 0 1 37
66 808 1804 0 0 0 10 0
81 0 1082 2 0 2 3 3 9 48 36
79 453 1094 8 6 5 0 1 47
50 972 1670 6 0 3 7 0
72 0 1038 0 0 0 10 3 43 35 31
19 0 838 0 0 0 2 2 46 47
62 850 1917 0 1 0 5 0
67 260 1054 7 10 10 0 0
80 0 729 0 7 0 1 0
39 514 1306 4 2 6 0 0
69 492 570 2 0 0 0 2 7 14
27 0 1103 0 0 3 0 0
75 0 1728 1 0 0 0 1 45
77 53 1186 7 0 3 0 0
12 0 1384 9 2 0 2 1 57
87 840 1869 4 5 4 0 0
47 501 552 2 10 6 0 1 30
89 0 1115 8 0 0 4 0
79 656 1417 0 2 0 9 0
92 721 1662 9 6 0 10 0
67 133 885 10 5 10 0 2 21 43
96 86 927 0 0 3 2 0
28 172 977 6 0 0 0 0
30 185 808 0 0 4 5 2 28 56
78 0 1004 0 3 10 6 0
10 30 996 0 9 9 3 0
58 0 1176 0 3 7 1 3 7 59 51
98 0 1009 7 4 5 0 2 21 45
84 409 1593 8 3 0 4 0
34 568 1544 1 10 6 0 0
37 0 910 3 0 1 0 4 29 48 20 26
66 318 1062 6 8 3 0 0
