Topic|Corpus Size|Concept Size|Avg words per sentence|Lexical Diversity|LD without stopwords||Corpus Size after|Concept Size after|Avg words per sentence after|Lexical Diversity after|LD without stopwords after|
world-africa_1|167|1885|22.2934|0.2643|0.3719||134|1760|24.7015|0.2849|0.3990|
uk-scotland_65|336|3894|18.8155|0.2988|0.4453||306|3764|19.6438|0.3064|0.4566|
world-europe_15|314|2762|17.9331|0.2243|0.3087||235|2443|20.2681|0.2408|0.3299|
uk-politics_163|326|4201|25.2577|0.2107|0.3070||284|3916|26.4789|0.2209|0.3214|
uk-politics_16|197|2681|23.5330|0.2746|0.3986||169|2473|24.7929|0.2871|0.4168|
uk-england-norfolk_16|119|1509|20.9244|0.3369|0.4703||104|1428|22.3365|0.3478|0.4820|
uk-scotland_78|253|2728|18.4387|0.3173|0.4373||203|2602|21.4631|0.3268|0.4501|
uk-england-tees_1|188|2123|20.7713|0.2681|0.4050||150|1912|22.5400|0.2857|0.4335|
uk-england-northamptonshire_10|117|1757|25.6239|0.3012|0.4282||110|1682|25.7909|0.3109|0.4396|
uk-politics_26|262|3455|24.2786|0.2449|0.3689||207|2977|25.7778|0.2639|0.3876|
uk-politics_211|196|2896|25.2806|0.2696|0.3994||173|2498|24.7630|0.2806|0.4114|
uk-england-beds-bucks-herts_16|167|2134|22.6347|0.2876|0.4281||156|2038|23.0449|0.2915|0.4329|
uk-politics_130|455|5458|22.9165|0.2108|0.3120||379|4994|24.4670|0.2240|0.3291|
uk-politics_122|274|4455|30.6022|0.2129|0.3257||241|4274|32.8714|0.2181|0.3345|
uk-politics_88|498|6152|24.7369|0.1927|0.2909||421|5537|25.4513|0.2070|0.3091|
uk-scotland_134|394|4033|18.7132|0.2492|0.3596||330|3793|19.9606|0.2673|0.3856|
uk-politics_76|373|5007|25.7105|0.2098|0.3204||278|4108|26.8561|0.2355|0.3520|
uk-england-suffolk_15|99|1473|24.8586|0.3360|0.4669||82|1255|25.2805|0.3565|0.4887|
uk-politics_147|600|5617|19.7467|0.1871|0.2710||492|5385|22.3496|0.1947|0.2819|
uk-politics-parliaments_41|149|2127|24.9799|0.2681|0.3954||121|1830|26.1322|0.2812|0.4040|
world-us-canada_3|173|1959|20.6590|0.2689|0.3675||132|1752|23.1818|0.2915|0.3931|
world-africa_19|308|2495|17.7338|0.1992|0.2768||223|2247|20.9372|0.2135|0.2970|
world-asia_2|262|3373|23.5115|0.2451|0.3450||195|2763|25.2667|0.2636|0.3647|
uk-politics_222|575|6384|21.8278|0.1932|0.2855||407|5077|23.2088|0.2214|0.3236|
uk-politics_216|800|9289|24.6187|0.1538|0.2352||620|7837|25.8419|0.1692|0.2549|
uk-politics_132|273|3436|22.5092|0.2578|0.3753||228|3179|24.4167|0.2675|0.3878|
uk_10|121|1651|25.1074|0.2857|0.4154||111|1556|25.6847|0.2915|0.4208|
uk_1|207|2147|20.7101|0.2155|0.3250||168|1917|21.6250|0.2370|0.3526|
uk-scotland-scotland-politics_18|387|4185|20.7545|0.2136|0.3181||356|4049|21.2837|0.2213|0.3286|
uk-scotland_131|212|2234|18.8726|0.2829|0.4055||166|1949|20.7470|0.2950|0.4219|
election-_20|996|9749|21.2620|0.1501|0.2286||772|8577|22.8472|0.1678|0.2530|
uk-england-leeds_17|259|2268|17.3514|0.2276|0.3196||220|2201|19.1409|0.2353|0.3312|
uk-england-suffolk_13|126|1985|24.8968|0.3280|0.4720||107|1736|25.0561|0.3424|0.4890|
uk-scotland_141|247|2999|20.3887|0.2986|0.4444||210|2646|20.5952|0.3193|0.4708|
uk-england-essex_1|111|1424|21.2252|0.3493|0.4993||100|1365|21.8100|0.3668|0.5267|
uk-scotland-scotland-politics_5|431|4714|22.6937|0.1777|0.2696||405|4689|23.8864|0.1788|0.2721|
uk-politics_7|90|1141|22.3556|0.3375|0.4812||81|1042|22.1358|0.3530|0.5013|
uk-scotland_60|361|4104|21.0499|0.2483|0.3401||301|3875|22.5847|0.2661|0.3669|
uk-politics_240|237|3548|26.5907|0.2539|0.3723||210|3323|27.7190|0.2591|0.3777|
uk-wales-politics_1|151|1406|17.0861|0.2946|0.4358||105|1220|20.7429|0.3136|0.4609|
uk-northern-ireland-politics_46|131|1559|21.7405|0.2872|0.4150||119|1442|21.8824|0.2961|0.4249|
uk-politics_199|509|6456|24.1179|0.2042|0.3082||436|5910|25.0780|0.2172|0.3259|
uk-politics_12|476|5353|21.0651|0.2127|0.3131||426|5173|22.3826|0.2173|0.3201|
uk-england-suffolk_16|145|2070|23.7310|0.3200|0.4666||128|1912|24.3828|0.3329|0.4833|
uk-northern-ireland_1|128|912|13.1094|0.3230|0.4386||95|872|15.9895|0.3377|0.4588|
uk-scotland_106|294|4137|22.3844|0.3006|0.4536||253|3688|22.8300|0.3177|0.4743|
uk-wales-politics_14|110|1319|19.5182|0.3666|0.5004||85|1084|20.3882|0.3866|0.5232|
uk-scotland-scotland-politics_6|332|3607|20.3976|0.2401|0.3560||296|3512|21.9088|0.2455|0.3644|
uk-politics_80|333|4126|22.4895|0.2241|0.3308||317|4087|23.2934|0.2260|0.3343|
uk-politics_72|160|2374|25.4688|0.2802|0.3964||144|2304|26.8403|0.2895|0.4096|
uk-wales-politics_23|114|1433|20.1228|0.3444|0.4822||72|1102|23.5278|0.3808|0.5233|
uk-england-northamptonshire_16|131|1685|22.2901|0.3017|0.4334||119|1511|21.6303|0.3166|0.4527|
uk-politics_22|283|4165|27.1767|0.2264|0.3419||244|3870|28.8238|0.2345|0.3513|
uk-england-beds-bucks-herts_7|159|2152|23.0377|0.3052|0.4415||144|1989|23.1667|0.3150|0.4544|
uk-wales-politics_15|81|1071|21.7778|0.3759|0.5073||54|822|23.9259|0.4125|0.5520|
uk-scotland_19|352|4349|22.1705|0.2499|0.3575||314|4067|22.7580|0.2606|0.3708|
uk-scotland_47|252|3027|21.5714|0.2318|0.3432||202|2586|22.3416|0.2542|0.3678|
uk-politics-parliaments_26|306|3449|22.2582|0.2129|0.3134||251|3042|22.9203|0.2334|0.3418|
uk-politics_207|316|3962|22.1551|0.2445|0.3788||290|3842|23.1586|0.2481|0.3854|
election-_2|593|6460|22.0388|0.1859|0.2741||440|5504|23.6318|0.2109|0.3074|
uk-scotland_153|200|2729|20.9250|0.3522|0.5100||180|2559|21.4944|0.3603|0.5184|
world_3|160|1408|17.3000|0.2688|0.3876||81|974|21.2346|0.3256|0.4415|
uk-scotland_84|176|2228|20.7159|0.3341|0.4792||152|2075|22.1184|0.3421|0.4907|
uk-northern-ireland-politics_39|99|1116|19.9495|0.3311|0.4554||85|997|20.2941|0.3490|0.4706|
election-_12|1195|11649|22.2251|0.1416|0.2114||927|10213|23.7163|0.1578|0.2340|
uk-scotland_95|355|3300|18.0986|0.2249|0.3242||288|2946|19.3299|0.2432|0.3470|
uk-politics_162|104|1365|24.0000|0.3081|0.4348||94|1280|24.1277|0.3258|0.4570|
uk-scotland_28|226|2465|18.1018|0.3366|0.4806||199|2318|19.0653|0.3437|0.4907|
uk-politics_266|479|6196|26.3779|0.1941|0.2796||375|5240|27.4507|0.2129|0.3018|
world-europe_28|336|3915|21.3601|0.2387|0.3416||282|3631|22.7660|0.2551|0.3646|
uk-scotland-scotland-politics_7|398|3755|20.4196|0.1836|0.2663||362|3717|21.4751|0.1905|0.2770|
uk-politics-parliaments_11|107|1560|24.9159|0.3046|0.4384||97|1560|27.3814|0.3057|0.4411|
uk-scotland_24|205|2445|18.3024|0.3622|0.5161||168|2241|20.0714|0.3731|0.5311|
uk-scotland_44|253|3100|19.3123|0.3350|0.4723||225|2944|20.1511|0.3465|0.4858|
uk-england-beds-bucks-herts_29|163|2365|25.5890|0.2829|0.4161||152|2256|25.7895|0.2918|0.4275|
uk-northern-ireland-politics_17|127|1911|26.0236|0.2962|0.4251||104|1692|27.0865|0.3188|0.4548|
world-europe_8|218|2378|20.7248|0.2543|0.3574||157|1945|22.4777|0.2791|0.3847|
uk-northern-ireland-politics_22|98|1533|27.1122|0.3150|0.4606||86|1384|27.2558|0.3289|0.4755|
world-us-canada_5|101|886|15.3168|0.3665|0.5041||74|800|18.2838|0.3843|0.5313|
uk-politics_182|134|1216|18.4328|0.2846|0.3676||111|1203|21.0541|0.2987|0.3859|
uk-scotland_83|346|4321|19.9249|0.3066|0.4524||312|4130|20.6699|0.3191|0.4691|
uk-scotland_23|422|4728|18.3081|0.2749|0.4102||365|4463|19.4438|0.2883|0.4278|
uk-politics_233|126|1658|21.7460|0.3172|0.4587||92|1249|21.6630|0.3522|0.5028|
uk-england-leeds_20|264|2458|18.3068|0.2123|0.3029||232|2376|19.3276|0.2237|0.3157|
uk-england-northamptonshire_21|160|2026|23.3188|0.2854|0.4089||143|1841|23.1818|0.2989|0.4243|
uk-politics_106|313|4372|26.1470|0.2251|0.3392||271|4147|28.3985|0.2295|0.3449|
uk-politics-parliaments_9|109|1235|19.8991|0.3264|0.4519||72|983|22.9861|0.3637|0.4934|
uk-politics_214|164|2287|24.3354|0.2786|0.4141||127|1868|24.8189|0.3058|0.4454|
uk-politics_234|403|5154|23.7022|0.2215|0.3298||310|4453|25.3097|0.2424|0.3556|
uk-politics_217|291|4112|26.2234|0.2216|0.3292||252|4079|29.7817|0.2231|0.3319|
uk-england-norfolk_5|82|995|20.7195|0.3237|0.4429||78|967|21.1795|0.3238|0.4421|
world-africa_3|138|1707|19.8551|0.3602|0.5105||115|1538|20.7478|0.3793|0.5417|
uk-scotland_79|346|3747|21.5491|0.2371|0.3400||273|3511|23.4249|0.2636|0.3736|
election--wales_1|93|724|13.9140|0.3725|0.4833||49|494|16.8776|0.4462|0.5471|
uk-politics-parliaments_47|178|2279|24.3427|0.2504|0.3653||152|2221|27.3618|0.2556|0.3720|
uk-politics_139|459|5821|26.1155|0.1810|0.2774||411|5551|27.6010|0.1855|0.2845|
uk-politics-parliaments_48|442|4871|21.1787|0.2163|0.3165||337|4089|22.3383|0.2355|0.3404|
uk-politics_178|290|3988|25.9172|0.2186|0.3231||256|3901|28.5742|0.2211|0.3278|
uk-wales_1|72|758|19.2917|0.3319|0.4467||51|569|19.7255|0.3718|0.4782|
uk-politics_236|282|3572|24.6915|0.2250|0.3386||227|3253|27.2996|0.2369|0.3526|
uk-england-leeds_21|266|2322|18.5752|0.2042|0.2758||220|2207|20.3364|0.2157|0.2905|
world-asia_10|143|1464|19.2797|0.2757|0.3677||116|1391|21.5862|0.2915|0.3896|
uk-politics-parliaments_34|269|3720|23.2230|0.2712|0.4188||205|3146|25.2293|0.2927|0.4457|
uk-politics_198|477|4359|20.4361|0.1773|0.2552||392|3998|22.1403|0.1855|0.2646|
uk-scotland_21|294|3854|20.9320|0.3061|0.4523||257|3617|21.7160|0.3207|0.4710|
uk-scotland_89|209|2954|22.0096|0.3409|0.5002||176|2570|22.1818|0.3635|0.5256|
uk-england-suffolk_1|95|1396|23.7053|0.3535|0.4927||79|1247|24.6962|0.3655|0.5068|
uk-scotland_39|442|5236|20.3846|0.2577|0.3798||395|5022|21.3823|0.2663|0.3919|
uk-england-northamptonshire_11|168|2327|23.6131|0.2992|0.4435||149|2141|24.0805|0.3122|0.4594|
world-us-canada_18|134|1321|18.1866|0.3160|0.3984||110|1311|21.2636|0.3275|0.4159|
uk-politics_77|210|2812|25.4619|0.2500|0.3609||178|2690|28.1742|0.2570|0.3712|
uk-politics_121|202|1840|19.0099|0.2495|0.3270||165|1781|20.6788|0.2758|0.3635|
uk-politics_141|220|3745|30.1682|0.2592|0.3703||170|3191|32.1765|0.2753|0.3921|
election-_3|985|10023|22.3858|0.1476|0.2284||740|8672|24.3054|0.1649|0.2539|
election-_28|1040|9340|19.6010|0.1542|0.2293||825|8527|21.6885|0.1654|0.2454|
uk-politics-parliaments_4|210|2776|23.7048|0.2628|0.3833||182|2732|26.4505|0.2673|0.3907|
uk-scotland-scotland-politics_47|420|4308|20.5690|0.1922|0.2779||388|4245|21.6134|0.1957|0.2834|
uk-northern-ireland-politics_19|75|1184|27.2400|0.3275|0.4519||63|991|26.6349|0.3498|0.4705|
world-asia_5|149|1411|17.6443|0.2955|0.4092||121|1290|19.3471|0.3084|0.4245|
uk-politics_254|213|2859|23.9531|0.2556|0.3669||184|2696|25.6848|0.2636|0.3788|
uk-england-suffolk_7|149|2302|26.2953|0.3058|0.4494||118|1920|26.8136|0.3306|0.4728|
uk-scotland-scotland-politics_41|276|2746|19.1594|0.2470|0.3498||238|2667|21.1807|0.2539|0.3609|
uk-northern-ireland-politics_36|85|1231|24.0235|0.3389|0.4683||79|1201|25.1013|0.3424|0.4742|
uk-politics_1|1388|12475|20.4337|0.1347|0.2033||1067|11178|22.6092|0.1455|0.2195|
uk-england-beds-bucks-herts_9|152|1970|21.7632|0.3126|0.4506||133|1903|23.4812|0.3221|0.4644|
uk-scotland-scotland-politics_26|214|2538|22.7430|0.2484|0.3600||157|2109|24.1529|0.2832|0.4046|
uk-northern-ireland-politics_23|76|1071|24.3158|0.3442|0.4916||71|1035|24.4930|0.3514|0.4972|
uk-england-essex_12|141|1533|22.1915|0.2522|0.3608||126|1436|23.2302|0.2566|0.3644|
uk-politics_237|72|1019|24.1667|0.3333|0.4769||69|990|24.0870|0.3394|0.4838|
election-_31|638|7559|23.3887|0.1824|0.2757||492|6545|24.8679|0.2046|0.3058|
uk-england-beds-bucks-herts_19|163|2166|23.8282|0.2752|0.4141||150|2066|24.4267|0.2803|0.4211|
uk-england-essex_16|101|1367|24.4653|0.2995|0.4165||89|1233|24.8202|0.3083|0.4268|
uk-england-leeds_26|350|3100|19.3629|0.1871|0.2677||296|3005|21.1892|0.1972|0.2816|
world-europe_6|897|9251|21.7603|0.1637|0.2405||732|8249|23.1735|0.1728|0.2516|
uk-politics_111|179|2304|24.8492|0.2410|0.3543||136|1834|24.6985|0.2733|0.3943|
uk-politics_231|282|3953|27.3582|0.2119|0.3159||250|3823|29.6080|0.2155|0.3216|
uk-politics-parliaments_22|244|3175|24.1926|0.2424|0.3622||208|3120|27.7067|0.2441|0.3660|
uk-wales-politics_12|72|904|19.8194|0.3952|0.5276||53|758|22.1887|0.4192|0.5568|
world-us-canada_4|309|3070|19.7670|0.2412|0.3436||227|2652|22.2423|0.2579|0.3622|
election-_10|529|6194|22.7543|0.1912|0.2857||427|5547|24.4871|0.2040|0.3011|
world-europe_32|230|2404|20.1783|0.2474|0.3518||186|2187|22.2097|0.2576|0.3646|
world-africa_23|201|2648|25.6468|0.2563|0.3572||178|2582|27.8652|0.2619|0.3669|
world-asia_9|101|1084|18.5842|0.3356|0.4543||89|1044|20.1798|0.3391|0.4606|
uk-politics_194|185|1883|17.4649|0.3216|0.4596||124|1359|17.9435|0.3730|0.5207|
uk-politics-parliaments_14|281|3705|23.8327|0.2353|0.3489||239|3544|26.2929|0.2428|0.3582|
uk-politics-parliaments_58|323|4174|24.6625|0.2206|0.3353||291|4048|26.4089|0.2233|0.3392|
uk-england-tyne_1|342|3512|20.7339|0.2048|0.3112||279|2970|21.2473|0.2193|0.3251|
uk-scotland_146|280|3465|19.2964|0.3283|0.4785||248|3337|20.6008|0.3369|0.4912|
uk-scotland_22|253|3336|22.6719|0.2697|0.4089||217|2981|23.1198|0.2852|0.4285|
uk-scotland-scotland-politics_29|189|2153|20.2857|0.2955|0.4018||158|2036|22.4367|0.3049|0.4180|
uk-england-cambridgeshire_13|89|1062|21.7191|0.3032|0.4113||81|1028|22.8272|0.3094|0.4172|
uk-scotland_66|456|4309|21.0132|0.1708|0.2697||302|3206|21.5464|0.2062|0.3140|
uk-scotland_4|211|2853|20.3934|0.3625|0.5316||193|2718|21.0000|0.3706|0.5415|
uk-politics_129|234|3432|26.7222|0.2460|0.3656||194|3158|29.0722|0.2585|0.3847|
uk-england-northamptonshire_4|145|1944|24.0690|0.2966|0.4250||130|1782|24.5462|0.3052|0.4316|
uk-politics_140|233|3151|25.3906|0.2422|0.3601||194|2992|28.5155|0.2477|0.3669|
uk-northern-ireland-politics_24|115|1485|22.6087|0.3154|0.4609||109|1389|22.2477|0.3221|0.4669|
uk-politics-parliaments_43|197|3016|27.9695|0.2514|0.3729||179|2971|30.2067|0.2534|0.3761|
uk-england-leeds_25|287|2697|19.6585|0.2015|0.2852||256|2589|20.5703|0.2108|0.2983|
world-africa_18|170|2574|24.5000|0.3191|0.4508||161|2544|25.3727|0.3222|0.4560|
uk-scotland_145|449|5219|21.7283|0.2428|0.3495||369|4648|22.9322|0.2609|0.3721|
uk-politics-parliaments_33|498|5945|23.0201|0.1964|0.2958||433|5562|24.3580|0.2050|0.3067|
uk-scotland_62|177|1824|18.8136|0.2769|0.3834||131|1590|21.3740|0.2982|0.4075|
uk-england-suffolk_9|169|2149|23.0237|0.2773|0.4029||135|1872|24.4370|0.2958|0.4263|
uk-england-beds-bucks-herts_21|120|1663|22.5250|0.3396|0.4844||99|1537|24.7778|0.3506|0.4994|
uk-england-northamptonshire_3|112|1525|23.3839|0.3276|0.4466||100|1369|23.3000|0.3433|0.4642|
world-asia_12|123|1285|20.1951|0.2609|0.3532||101|1106|20.4950|0.2749|0.3685|
uk-politics_38|377|5188|25.2997|0.2192|0.3365||327|4784|26.3945|0.2287|0.3482|
uk-politics-parliaments_63|206|2761|24.3155|0.2581|0.3765||170|2694|28.3118|0.2643|0.3874|
uk-england-beds-bucks-herts_14|151|1636|20.2119|0.2926|0.4226||125|1517|21.8240|0.3057|0.4460|
world-europe_1|343|3524|19.5452|0.2255|0.3272||243|2815|21.0206|0.2512|0.3561|
uk-northern-ireland-politics_4|85|1285|25.7412|0.3149|0.4391||76|1201|26.6184|0.3233|0.4468|
uk-northern-ireland-politics_7|94|1129|20.8511|0.3352|0.4610||84|1061|21.4643|0.3478|0.4756|
uk-politics_223|267|3353|23.0899|0.2435|0.3529||222|2973|23.9775|0.2572|0.3700|
uk-politics_229|76|1112|23.7105|0.3635|0.4801||70|1057|23.7714|0.3804|0.4982|
uk-politics_235|559|5778|21.7335|0.1773|0.2652||448|4830|21.9397|0.1962|0.2895|
world-africa_14|98|1479|24.7347|0.3214|0.4308||82|1413|27.5976|0.3345|0.4459|
uk-politics_243|356|4710|27.6629|0.1776|0.2718||327|4522|28.7034|0.1805|0.2757|
uk-politics_209|347|4481|24.5706|0.2184|0.3288||290|4078|26.1931|0.2291|0.3425|
uk-england-leeds_15|295|2510|17.9153|0.2047|0.2908||236|2273|19.3390|0.2230|0.3137|
uk-scotland_94|421|5195|20.9121|0.2577|0.3870||368|4758|21.2337|0.2767|0.4138|
uk-politics_81|391|5399|27.0665|0.2003|0.2998||372|5280|27.6452|0.2024|0.3027|
uk-england-suffolk_19|150|2174|24.3533|0.3173|0.4681||130|1916|24.1538|0.3360|0.4833|
uk-scotland_86|384|4466|19.9922|0.2653|0.3980||340|4195|20.4235|0.2818|0.4200|
uk_19|306|2646|19.0719|0.2087|0.3068||229|2232|20.1659|0.2360|0.3413|
uk-politics_260|620|7353|24.3339|0.1811|0.2663||499|6628|26.2024|0.1942|0.2846|
uk-politics_39|200|2694|23.2500|0.2766|0.3977||175|2572|25.0457|0.2822|0.4062|
uk-scotland-scotland-politics_10|500|5360|22.2980|0.1786|0.2665||469|5075|22.3603|0.1825|0.2713|
uk-scotland-scotland-politics_37|693|6194|21.2439|0.1416|0.2136||605|5896|21.8711|0.1530|0.2293|
uk-politics_244|1691|17314|24.2933|0.1118|0.1753||1361|15441|25.8942|0.1210|0.1878|
world-europe_18|63|745|21.6508|0.3468|0.4281||50|638|22.5400|0.3718|0.4449|
uk-politics_40|353|4565|23.1926|0.2322|0.3489||278|4125|25.6691|0.2504|0.3701|
uk-england-northamptonshire_15|171|2132|22.9240|0.2620|0.3752||157|2005|23.2611|0.2675|0.3792|
uk-england-cambridgeshire_4|79|1052|22.8228|0.3211|0.4553||64|886|23.3906|0.3380|0.4723|
uk-wales-politics_13|85|1013|18.6941|0.3921|0.5103||63|938|22.9683|0.4022|0.5243|
uk-england-beds-bucks-herts_12|156|1949|22.3269|0.2906|0.4030||123|1795|25.6260|0.3033|0.4184|
uk-politics_114|70|904|21.9857|0.3489|0.4629||57|821|23.8596|0.3676|0.4831|
uk-politics_87|333|3895|23.5586|0.2180|0.3126||277|3601|25.6390|0.2266|0.3235|
uk-scotland-scotland-politics_45|540|5339|20.9037|0.1721|0.2567||497|5233|21.5775|0.1779|0.2659|
uk-scotland-scotland-politics_30|405|4385|21.4272|0.1931|0.2838||371|4253|22.3720|0.1972|0.2903|
uk-scotland-scotland-politics_12|295|3819|23.8644|0.2263|0.3247||287|3808|24.1045|0.2295|0.3295|
uk-england-norfolk_4|81|1057|21.1358|0.3762|0.5217||76|1041|21.8289|0.3846|0.5334|
uk-england-northamptonshire_28|175|2131|22.6514|0.2866|0.4249||151|1819|21.8411|0.3047|0.4467|
uk-politics_24|480|6288|24.9021|0.1927|0.2965||384|5326|25.2995|0.2108|0.3183|
uk-scotland_29|331|3373|20.1299|0.2443|0.3391||264|3198|22.4470|0.2632|0.3682|
uk-wales-politics_20|60|961|23.9667|0.4263|0.5385||45|846|27.6889|0.4430|0.5545|
uk-politics_25|383|4492|22.6214|0.2175|0.3161||322|4228|24.8634|0.2257|0.3273|
world-africa_7|153|1498|17.6928|0.2992|0.4094||122|1388|19.8361|0.3165|0.4307|
uk-politics_242|565|6216|23.7186|0.1705|0.2531||456|5385|24.5263|0.1866|0.2720|
uk-england-cambridgeshire_2|127|1786|26.8346|0.2541|0.3521||106|1548|27.6509|0.2631|0.3573|
uk-politics-parliaments_29|467|5876|23.8951|0.2063|0.3099||388|5264|25.2088|0.2188|0.3275|
uk-england-leeds_23|265|2373|17.2302|0.2236|0.3324||227|2282|18.3260|0.2394|0.3558|
uk-scotland_152|237|3154|20.7131|0.3290|0.4751||208|2987|21.8462|0.3402|0.4915|
uk-wales-politics_11|71|1074|25.7042|0.3397|0.4823||50|891|29.3000|0.3693|0.5128|
uk-northern-ireland-politics_28|100|1152|20.1700|0.3228|0.4581||96|1131|20.5521|0.3208|0.4545|
uk-scotland_25|324|4159|20.8210|0.2852|0.4238||287|3907|21.4146|0.3030|0.4468|
uk-england-norfolk_12|86|1266|23.3256|0.3679|0.5054||75|1153|23.9200|0.3818|0.5225|
uk-england-suffolk_24|144|2040|24.4306|0.2993|0.4301||124|1864|25.1532|0.3161|0.4474|
world-us-canada_12|260|2564|18.8577|0.2776|0.3900||179|1977|20.7151|0.3064|0.4286|
uk-scotland_27|517|5585|19.1315|0.2401|0.3568||397|4837|20.5743|0.2653|0.3879|
uk-scotland-scotland-politics_28|395|4618|22.3241|0.2061|0.2976||364|4609|23.7747|0.2092|0.3025|
uk-politics_30|170|2454|25.8353|0.2698|0.3920||134|2083|26.8806|0.2926|0.4192|
uk-politics_142|263|3871|26.7148|0.2427|0.3649||223|3825|30.9238|0.2441|0.3676|
uk-northern-ireland-politics_34|102|1398|24.0784|0.3147|0.4415||89|1304|25.2135|0.3249|0.4518|
uk-scotland-scotland-politics_15|610|6517|21.8033|0.1723|0.2555||536|6112|22.9049|0.1769|0.2621|
uk-scotland-scotland-politics_51|453|5143|22.6954|0.2038|0.3062||426|4983|22.8333|0.2112|0.3174|
uk-scotland-scotland-politics_14|380|4331|21.2816|0.2217|0.3227||352|4168|21.8920|0.2255|0.3277|
uk-politics_47|399|5193|24.0702|0.2149|0.3241||330|4579|24.8333|0.2322|0.3467|
uk-scotland-scotland-politics_36|354|4000|21.6384|0.2148|0.3098||322|3867|22.6304|0.2197|0.3165|
uk-scotland_68|525|5669|22.4114|0.1759|0.2642||380|4356|22.9316|0.2005|0.2939|
uk-england-suffolk_25|110|1602|24.2545|0.3261|0.4712||91|1459|25.5275|0.3513|0.4976|
election--wales_6|781|6820|21.1626|0.1330|0.1923||530|5446|22.8302|0.1571|0.2237|
uk-politics-parliaments_16|332|4156|23.5060|0.2303|0.3518||255|3493|24.8078|0.2475|0.3730|
uk-politics_99|185|2766|25.6811|0.2717|0.4062||153|2716|30.2222|0.2736|0.4109|
uk-england-norfolk_13|98|1309|21.9286|0.3481|0.4868||88|1227|22.6250|0.3566|0.4984|
uk-northern-ireland-politics_9|127|1806|24.0551|0.3054|0.4368||121|1732|24.0579|0.3099|0.4414|
uk-scotland_58|265|3831|25.8340|0.2526|0.3723||229|3297|25.0044|0.2765|0.3996|
world-us-canada_9|182|1778|19.3352|0.2688|0.3646||111|1347|22.5586|0.3007|0.4000|
uk-politics-parliaments_18|204|2785|24.8922|0.2462|0.3574||172|2692|28.2849|0.2508|0.3648|
world-europe_29|307|3556|21.0847|0.2339|0.3577||231|3017|22.8182|0.2538|0.3796|
uk-politics_187|261|3245|23.0307|0.2362|0.3542||219|2869|23.7671|0.2488|0.3674|
uk-england-norfolk_17|90|1338|23.2556|0.3774|0.5237||81|1244|23.6049|0.3881|0.5351|
uk-england-leeds_8|314|2634|18.5318|0.1969|0.2697||272|2586|20.2463|0.2039|0.2792|
uk-england-leeds_12|307|2831|19.3648|0.1944|0.2693||274|2782|20.7117|0.2000|0.2780|
uk-england-cambridgeshire_18|158|1585|19.7089|0.2559|0.3699||126|1392|21.0873|0.2706|0.3855|
election-_24|860|9099|22.5605|0.1560|0.2385||679|7961|23.7084|0.1719|0.2603|
uk-england-cambridgeshire_10|109|1509|24.4220|0.3088|0.4383||100|1407|24.8100|0.3112|0.4437|
uk-scotland_156|254|3520|22.5118|0.3061|0.4491||213|3223|23.7183|0.3262|0.4764|
uk-england-essex_2|111|1486|21.9820|0.3525|0.5003||106|1482|22.8019|0.3554|0.5059|
health_1|276|2901|20.9855|0.2165|0.3240||217|2398|21.3180|0.2387|0.3463|
uk-scotland_117|344|4431|22.7558|0.2641|0.3952||292|3948|22.9966|0.2886|0.4280|
uk-wales-politics_4|127|1389|18.6693|0.3100|0.4331||81|1149|23.2716|0.3390|0.4674|
uk-scotland-scotland-politics_4|413|4925|22.7312|0.2094|0.3152||387|4723|22.9302|0.2144|0.3222|
uk-england-tyne_2|251|3227|22.1235|0.2622|0.4016||206|2871|23.4320|0.2782|0.4174|
uk-scotland_130|370|3885|21.2919|0.2103|0.3122||294|3450|23.1190|0.2236|0.3302|
uk-scotland_49|536|5654|22.0056|0.1724|0.2679||383|4509|23.1540|0.1995|0.3024|
uk-england-derbyshire_1|149|2064|24.1141|0.2867|0.4206||121|1780|24.5537|0.3127|0.4519|
uk-politics_228|407|5022|23.7838|0.2076|0.3092||329|4545|25.6292|0.2224|0.3257|
uk-politics_133|285|4064|25.8982|0.2315|0.3453||251|3899|27.9880|0.2352|0.3505|
uk-england-beds-bucks-herts_11|146|1879|22.1233|0.3195|0.4534||130|1792|23.3231|0.3265|0.4601|
uk-politics_57|162|1901|21.2593|0.2860|0.4165||147|1883|23.0068|0.2898|0.4236|
uk-politics_166|1701|19217|24.8101|0.1249|0.1947||1419|17055|25.3221|0.1355|0.2092|
uk-politics_174|125|1501|22.6400|0.2802|0.3919||100|1346|24.3800|0.2998|0.4174|
uk_7|98|1064|21.2245|0.2726|0.3542||72|909|23.2500|0.2981|0.3870|
world-africa_16|155|2365|23.5032|0.3415|0.4752||142|2250|24.0704|0.3528|0.4904|
uk-politics_3|110|1661|25.2273|0.3189|0.4611||102|1656|26.9804|0.3205|0.4641|
magazine_2|1509|11143|16.6799|0.1531|0.2272||1197|10617|18.9666|0.1622|0.2420|
uk-scotland_14|244|2665|19.2090|0.2565|0.3598||203|2402|20.3695|0.2692|0.3737|
uk-scotland-scotland-politics_49|558|4751|19.0484|0.1640|0.2368||490|4460|20.0347|0.1700|0.2454|
uk-politics_15|328|4333|24.8110|0.2275|0.3450||298|4159|26.1007|0.2313|0.3506|
election-_23|696|7388|23.5905|0.1563|0.2343||514|6069|24.5778|0.1807|0.2664|
uk-scotland_115|423|5360|20.6832|0.2807|0.4183||372|5007|21.4677|0.2945|0.4384|
uk-wales-politics_19|78|1016|20.4872|0.3880|0.5259||65|993|23.7385|0.3914|0.5339|
world-africa_6|185|2244|22.3838|0.2876|0.3984||164|2215|24.1646|0.2972|0.4136|
uk-scotland_32|261|2657|17.9119|0.2740|0.3948||215|2422|19.1767|0.2898|0.4160|
world-africa_8|228|2720|21.5877|0.2749|0.3867||198|2610|23.0505|0.2866|0.4013|
world-europe_14|144|1537|19.2986|0.2904|0.4026||113|1330|20.6106|0.3087|0.4221|
uk-politics_241|277|3246|21.1949|0.2584|0.3798||219|2849|23.0274|0.2723|0.3943|
uk_5|388|4499|22.1804|0.2165|0.3217||306|3724|22.7908|0.2346|0.3439|
uk-england-beds-bucks-herts_22|153|2067|25.3399|0.2719|0.4003||127|1853|26.7323|0.2854|0.4164|
uk-politics_168|150|2269|26.1933|0.2784|0.4171||126|2241|30.5079|0.2823|0.4238|
world-asia_3|266|2441|17.7895|0.2344|0.3344||213|2139|18.8732|0.2525|0.3546|
uk-scotland-scotland-politics_13|531|5275|20.1507|0.1812|0.2715||469|5006|20.9062|0.1913|0.2876|
uk-england-northamptonshire_6|92|1546|26.8370|0.3601|0.5054||83|1433|27.1928|0.3708|0.5169|
world_1|219|2742|23.3288|0.2411|0.3517||168|2311|24.6964|0.2545|0.3637|
uk-scotland_64|365|4061|19.2247|0.2735|0.4145||315|3820|20.5746|0.2834|0.4290|
uk-wales-politics_17|102|1324|21.0784|0.3507|0.4956||74|1076|23.0000|0.3848|0.5425|
uk-england-essex_18|113|1482|21.7522|0.3381|0.4828||107|1448|22.3551|0.3395|0.4856|
uk-politics_259|149|2599|30.4430|0.2579|0.3761||130|2552|34.0308|0.2608|0.3806|
uk-england-leeds_4|289|2685|19.0692|0.2036|0.2892||240|2480|20.6625|0.2156|0.3039|
uk-england-norfolk_10|119|1597|21.7395|0.3417|0.4720||110|1505|21.9545|0.3487|0.4811|
uk-politics_73|169|2001|22.0533|0.2680|0.3943||148|1780|22.0878|0.2823|0.4110|
uk-scotland_88|255|3156|19.9294|0.3205|0.4544||215|2921|21.3116|0.3370|0.4747|
uk-england-beds-bucks-herts_17|173|2048|20.9653|0.3063|0.4433||148|1904|22.3716|0.3153|0.4564|
uk-politics_224|279|3160|22.2186|0.2249|0.3200||226|2694|22.7035|0.2440|0.3363|
uk-politics_200|157|2313|24.5860|0.2935|0.4265||135|2286|28.0296|0.2955|0.4304|
uk-wales_2|125|920|16.9920|0.2401|0.2905||88|790|19.6477|0.2574|0.3053|
uk-politics_8|187|2615|24.8824|0.2613|0.3801||168|2446|25.4524|0.2729|0.3911|
world-europe_4|130|1587|22.0923|0.2841|0.3911||106|1383|23.2547|0.2921|0.3989|
uk-politics-parliaments_3|374|4783|23.7834|0.2207|0.3337||330|4627|25.7061|0.2256|0.3404|
uk-politics_221|317|4197|25.7634|0.2257|0.3368||267|3831|27.4607|0.2338|0.3462|
uk-england-suffolk_29|145|2233|25.0000|0.3197|0.4748||131|1984|24.2672|0.3363|0.4884|
uk-politics_160|355|4207|23.2761|0.2223|0.3224||294|3981|25.8878|0.2306|0.3338|
uk-politics_29|633|7161|23.7188|0.1726|0.2562||489|6156|25.2577|0.1924|0.2814|
uk-politics-parliaments_61|332|3763|22.0542|0.2157|0.3181||290|3547|23.5586|0.2209|0.3249|
uk-england-suffolk_8|95|1357|24.0737|0.3380|0.4827||80|1188|24.4375|0.3560|0.5000|
world-europe_12|211|2520|20.0142|0.2943|0.4173||163|2232|22.1963|0.3118|0.4388|
uk-politics_6|278|4218|28.3561|0.2216|0.3306||224|3955|32.4554|0.2298|0.3426|
uk-england-beds-bucks-herts_5|87|1290|24.2989|0.3723|0.5268||78|1175|24.4744|0.3850|0.5407|
uk-england-essex_9|122|1625|23.4590|0.3036|0.4430||113|1594|24.6991|0.3074|0.4493|
uk-politics_190|448|5539|24.8080|0.2002|0.2932||373|5099|26.6032|0.2125|0.3074|
world-asia_1|394|3714|19.4924|0.2077|0.3063||302|3183|20.6225|0.2283|0.3303|
uk-england-essex_10|118|1501|21.6441|0.3238|0.4543||111|1466|22.3153|0.3262|0.4582|
uk-scotland_102|255|2815|18.7765|0.3129|0.4478||197|2537|20.9188|0.3356|0.4733|
uk-politics_120|325|4725|26.6123|0.2225|0.3346||295|4593|28.3390|0.2257|0.3394|
uk-scotland-scotland-politics_21|309|3449|22.9223|0.2085|0.3000||261|3177|24.4253|0.2154|0.3100|
uk-politics_191|202|2768|24.2574|0.2639|0.3855||169|2463|25.4201|0.2765|0.4025|
uk-politics_44|109|1191|18.7248|0.3361|0.4629||98|1156|19.9592|0.3400|0.4693|
election-_13|511|6086|24.8924|0.1697|0.2589||355|4660|25.9380|0.2016|0.3030|
uk-scotland_142|257|3420|21.8755|0.2958|0.4437||235|3261|22.3277|0.3084|0.4602|
uk-scotland_56|822|8061|20.4805|0.1616|0.2568||649|6971|21.3267|0.1794|0.2824|
world-africa_13|281|3123|21.2171|0.2464|0.3574||230|2805|22.4478|0.2615|0.3771|
uk-politics_256|273|3377|24.3114|0.2174|0.3321||237|3293|26.9831|0.2216|0.3390|
uk-england-leicestershire_1|138|1446|18.9130|0.2674|0.3891||108|1270|20.7037|0.2858|0.4123|
uk-northern-ireland-politics_8|96|1423|25.0000|0.3267|0.4498||88|1321|24.9545|0.3379|0.4597|
uk-politics_262|450|5853|24.1111|0.2079|0.3184||348|4904|25.1121|0.2316|0.3486|
uk-politics-parliaments_44|459|5645|22.3159|0.2216|0.3283||396|5510|25.0000|0.2254|0.3343|
uk-politics_126|380|3960|20.6947|0.2176|0.3099||310|3727|23.0129|0.2290|0.3256|
uk-wales-politics_22|69|814|19.3768|0.4039|0.5316||51|707|22.0980|0.4232|0.5512|
uk-politics_176|105|1360|23.0667|0.3059|0.4432||83|1041|22.3373|0.3231|0.4542|
uk-england-northamptonshire_32|113|1533|22.8584|0.3329|0.4793||98|1408|23.8061|0.3463|0.4946|
world-us-canada_16|380|3265|16.7184|0.2323|0.3261||269|2831|19.3978|0.2576|0.3581|
uk-scotland_129|217|2795|20.4378|0.3306|0.4732||191|2628|21.3822|0.3416|0.4871|
uk-england-northamptonshire_29|109|1476|24.0367|0.2969|0.4240||100|1448|25.3100|0.3019|0.4325|
uk-england-northamptonshire_23|109|1553|24.9266|0.3066|0.4601||105|1529|25.2571|0.3103|0.4663|
uk-politics-parliaments_2|432|4916|21.0440|0.2252|0.3437||356|4610|23.3961|0.2340|0.3564|
uk-politics-parliaments_40|339|4063|21.3835|0.2444|0.3556||282|3760|23.2128|0.2550|0.3730|
uk-politics_9|99|1365|23.2121|0.3325|0.4743||91|1298|23.6044|0.3385|0.4804|
uk-politics_62|488|6313|25.1250|0.1889|0.2873||393|5498|26.2366|0.2053|0.3082|
world-us-canada_10|144|1253|15.7431|0.3410|0.4355||98|1077|18.8980|0.3634|0.4632|
uk-politics_258|369|4780|24.3848|0.2153|0.3247||311|4260|24.9582|0.2309|0.3426|
uk-wales-politics_3|90|1205|21.6667|0.3564|0.4857||66|1031|24.5455|0.3821|0.5167|
uk-scotland_51|267|3543|20.9738|0.3214|0.4800||242|3377|21.6074|0.3351|0.4998|
uk-politics_93|73|957|22.7123|0.3468|0.4861||58|747|21.5345|0.3803|0.5056|
uk-politics-parliaments_51|151|1417|17.1258|0.2958|0.4102||111|1321|21.2072|0.3054|0.4252|
uk-scotland-scotland-politics_39|397|4226|21.4534|0.1887|0.2756||376|4159|21.8777|0.1934|0.2823|
uk-england-leeds_24|275|2605|18.6727|0.2204|0.3196||232|2479|20.4612|0.2305|0.3320|
uk-england-suffolk_14|130|2367|30.7615|0.2918|0.4354||107|1773|27.6262|0.3200|0.4651|
uk-england-norfolk_3|100|1289|20.8900|0.3696|0.5217||90|1218|21.7667|0.3716|0.5277|
uk-scotland-scotland-politics_9|283|3012|21.5124|0.2099|0.3048||263|2845|21.6388|0.2140|0.3094|
uk-politics_98|67|1052|26.6866|0.3378|0.4690||58|1016|29.5172|0.3423|0.4759|
uk-england-leeds_10|279|2302|16.6272|0.2184|0.3146||248|2200|17.4758|0.2280|0.3273|
uk-scotland-scotland-politics_42|265|2788|20.3170|0.2418|0.3467||248|2779|21.2500|0.2457|0.3531|
election-_15|314|3638|20.9936|0.2453|0.3858||287|3570|22.1603|0.2502|0.3950|
uk-politics_17|301|4168|25.2458|0.2381|0.3605||256|3861|27.0312|0.2467|0.3692|
uk-politics_189|235|3643|27.8681|0.2442|0.3637||196|3582|32.6276|0.2463|0.3679|
uk-wales_5|166|1846|20.5723|0.2662|0.3684||105|1344|21.6476|0.3172|0.4285|
world-asia_4|148|1513|17.8919|0.3014|0.4287||124|1380|18.9758|0.3170|0.4506|
uk-northern-ireland-politics_47|213|2936|24.9765|0.2581|0.3832||189|2700|25.3651|0.2718|0.3998|
uk-politics_135|458|5662|24.3493|0.2032|0.3071||358|4884|26.1508|0.2172|0.3249|
uk-politics_210|361|4409|23.0886|0.2132|0.3164||307|4012|24.0912|0.2235|0.3304|
uk-politics_173|631|8023|24.9113|0.1882|0.2844||446|6233|25.7870|0.2155|0.3161|
uk-england-beds-bucks-herts_24|188|2542|24.9574|0.2577|0.3831||161|2306|26.0186|0.2705|0.3970|
uk-wales-politics_16|100|1197|19.2100|0.3607|0.5110||64|858|20.7969|0.4117|0.5585|
world-asia_11|109|967|16.1009|0.3345|0.4623||90|946|18.5444|0.3439|0.4760|
uk-politics_95|347|4640|25.2507|0.2136|0.3199||329|4568|25.8693|0.2170|0.3260|
uk-politics-parliaments_20|73|1042|23.5342|0.3207|0.4393||60|1029|28.0333|0.3210|0.4408|
uk-england-beds-bucks-herts_32|153|2401|25.8431|0.3103|0.4680||132|2054|25.1439|0.3332|0.4970|
uk-england-northamptonshire_25|75|1207|25.5333|0.3718|0.5187||71|1187|26.3099|0.3758|0.5243|
uk-politics_36|118|1562|23.6695|0.3004|0.4204||110|1486|23.8818|0.3068|0.4273|
uk-politics_125|1767|19081|23.7080|0.1264|0.1975||1429|17033|24.8558|0.1399|0.2162|
world-us-canada_2|316|2429|16.9557|0.2004|0.2825||259|2338|19.0270|0.2112|0.2971|
uk-scotland-scotland-politics_40|354|3801|19.9322|0.2320|0.3365||331|3762|20.7885|0.2359|0.3426|
world-us-canada_1|174|1507|19.2701|0.2672|0.3326||120|1308|22.7583|0.2915|0.3568|
uk-politics_144|307|4557|27.6417|0.2211|0.3363||276|4416|29.5181|0.2245|0.3410|
election-_26|909|9706|23.1243|0.1560|0.2362||755|8871|24.5020|0.1675|0.2517|
uk-politics-parliaments_5|119|1425|19.6218|0.3478|0.4812||98|1396|23.1122|0.3501|0.4867|
uk-politics_175|599|7041|23.6361|0.1870|0.2772||495|6426|25.2202|0.2007|0.2945|
uk-northern-ireland-politics_2|149|2449|29.3758|0.2689|0.4022||138|2248|28.7391|0.2811|0.4162|
uk-politics-parliaments_15|478|5069|20.0356|0.2131|0.3206||400|4781|21.8300|0.2246|0.3367|
uk-politics_119|337|3952|23.3145|0.2190|0.3241||282|3632|24.9433|0.2316|0.3383|
uk-politics_14|236|3214|25.2500|0.2504|0.3668||197|2816|25.6853|0.2692|0.3816|
election-_27|696|7537|22.9296|0.1731|0.2536||552|6595|24.2717|0.1876|0.2727|
uk-politics-parliaments_10|500|6184|24.0740|0.1973|0.3076||442|5957|25.9367|0.2022|0.3139|
uk-england-cambridgeshire_14|96|1333|22.4062|0.3598|0.5089||89|1286|23.1798|0.3669|0.5185|
uk-politics-parliaments_23|459|5384|22.3900|0.2061|0.3108||378|4815|23.8386|0.2205|0.3316|
uk-politics_248|158|1857|22.4241|0.2746|0.3683||124|1752|25.2097|0.2991|0.4038|
uk-politics-parliaments_27|539|6445|23.4898|0.1840|0.2853||453|6017|25.5232|0.1933|0.2986|
uk-scotland_59|346|4347|21.6156|0.2543|0.3715||287|3776|22.0418|0.2727|0.3914|
uk-england-suffolk_17|152|2335|26.0197|0.3034|0.4498||141|2171|25.9433|0.3111|0.4567|
uk-scotland_151|250|2537|18.1840|0.2549|0.3339||214|2469|20.4252|0.2590|0.3403|
uk-northern-ireland-politics_45|79|959|20.0759|0.3745|0.5010||71|912|20.7887|0.3869|0.5178|
uk-scotland_99|405|4542|18.8272|0.2791|0.4157||375|4378|19.2933|0.2851|0.4249|
uk-england-beds-bucks-herts_4|148|1920|22.8446|0.2819|0.4048||127|1809|24.7480|0.2899|0.4161|
uk-politics-parliaments_39|242|2967|21.6942|0.2680|0.3876||200|2686|23.0750|0.2828|0.4076|
uk-politics_238|78|1124|24.3718|0.3540|0.4888||69|1051|25.2464|0.3662|0.5059|
election-_18|2284|18301|20.1817|0.1115|0.1688||1855|16665|21.6598|0.1207|0.1819|
uk-politics_20|68|963|23.2353|0.3608|0.4897||59|902|24.4407|0.3779|0.5070|
uk-northern-ireland-politics_33|71|929|22.1690|0.3685|0.4961||64|830|21.8594|0.3774|0.5044|
uk-politics_218|391|5075|24.4731|0.2063|0.3142||321|4469|25.4143|0.2224|0.3360|
world-europe_22|166|2023|21.4398|0.2984|0.4180||109|1550|23.8165|0.3417|0.4623|
uk-politics-parliaments_6|409|4563|21.1125|0.2156|0.3181||318|4051|23.0975|0.2317|0.3396|
uk-politics_64|266|3447|23.6917|0.2407|0.3552||195|2611|23.4513|0.2762|0.3930|
uk-england-suffolk_12|120|1788|23.3917|0.3523|0.5028||101|1536|23.5248|0.3695|0.5241|
uk-england-beds-bucks-herts_1|134|1636|20.5000|0.3287|0.4627||119|1544|21.5126|0.3359|0.4711|
uk-scotland-scotland-politics_22|219|2725|23.4338|0.2338|0.3404||204|2713|24.7598|0.2372|0.3456|
_3|164|1949|20.6037|0.3045|0.4387||125|1599|21.6160|0.3268|0.4528|
uk-politics_94|211|2923|24.2038|0.2724|0.4000||188|2782|25.4468|0.2782|0.4082|
uk-england-cambridgeshire_6|92|1294|23.7065|0.3356|0.4573||85|1262|24.9765|0.3354|0.4571|
uk-england-cambridgeshire_8|88|1192|22.6023|0.3519|0.4784||84|1154|22.8571|0.3552|0.4839|
uk-politics_255|510|6228|24.9039|0.1897|0.2822||388|5193|25.8995|0.2156|0.3140|
uk-northern-ireland-politics_35|108|1248|21.4815|0.2970|0.4160||97|1184|22.3711|0.3037|0.4234|
uk-england-cambridgeshire_5|122|1493|20.3033|0.3254|0.4634||111|1424|21.0811|0.3325|0.4726|
uk-scotland_111|119|1078|17.4286|0.2946|0.3695||109|1066|18.6697|0.2988|0.3754|
uk-politics-parliaments_46|331|3812|21.1450|0.2430|0.3678||285|3715|23.6632|0.2476|0.3754|
uk-england-suffolk_26|122|1909|26.0246|0.3061|0.4371||100|1650|27.0400|0.3203|0.4506|
uk-england-essex_19|134|1598|22.8358|0.2748|0.3960||118|1507|23.9915|0.2868|0.4119|
election--wales_5|137|1550|21.1168|0.2765|0.3937||122|1500|22.5082|0.2830|0.4074|
science-environment_2|558|4673|18.9158|0.1850|0.2565||428|4458|22.3621|0.1982|0.2762|
uk-politics_127|102|1152|20.2157|0.3361|0.4514||88|1041|20.6818|0.3522|0.4696|
uk-politics_85|251|3714|26.9960|0.2442|0.3623||210|3668|31.4810|0.2478|0.3683|
uk-england-beds-bucks-herts_13|154|2051|21.9286|0.3145|0.4544||139|1987|23.0504|0.3218|0.4652|
world-middle-east_3|79|1341|27.5949|0.3188|0.4382||63|1187|29.7937|0.3383|0.4615|
world-australia_1|317|3403|20.4322|0.2387|0.3463||266|3214|22.5226|0.2477|0.3583|
uk-politics_167|879|9117|22.5154|0.1558|0.2394||677|7592|23.4254|0.1726|0.2610|
_1|158|1531|17.9114|0.2760|0.3704||123|1364|19.8455|0.2937|0.3914|
uk-england-essex_6|54|905|26.6667|0.3979|0.5490||49|850|27.1224|0.4131|0.5638|
uk-scotland_124|296|3501|18.5676|0.3202|0.4611||259|3289|19.5521|0.3327|0.4778|
uk-politics_201|442|5139|23.0339|0.2026|0.2992||350|4581|25.1371|0.2146|0.3131|
uk-england-suffolk_28|123|1804|25.4959|0.3058|0.4314||105|1523|24.8476|0.3204|0.4442|
uk-politics_113|274|3529|23.6788|0.2445|0.3606||237|3221|24.5485|0.2563|0.3749|
uk-politics_108|408|5196|25.1593|0.1992|0.2979||349|4720|26.1576|0.2094|0.3109|
election-_7|601|6464|23.3411|0.1717|0.2510||421|5105|25.2565|0.1946|0.2770|
uk-scotland_136|2416|17986|19.1353|0.1065|0.1685||1774|15457|20.9402|0.1200|0.1886|
uk-scotland_137|417|4997|20.0240|0.2759|0.4112||381|4826|20.6325|0.2857|0.4247|
uk-northern-ireland-politics_6|64|814|21.8125|0.3539|0.4819||57|771|22.9825|0.3588|0.4879|
election-_17|829|8576|22.3486|0.1563|0.2368||637|7605|24.0895|0.1758|0.2648|
world-africa_22|260|2505|19.6654|0.2230|0.3109||196|2178|21.5816|0.2440|0.3374|
uk-england-essex_3|100|1639|27.4300|0.3161|0.4576||84|1455|27.5357|0.3459|0.4931|
uk-scotland_97|274|3289|19.3613|0.3169|0.4720||225|2919|20.3022|0.3347|0.4888|
uk-england-northamptonshire_24|154|1962|23.2273|0.2729|0.3888||133|1837|24.4812|0.2844|0.4037|
uk-scotland_98|316|3580|21.4620|0.2212|0.3327||236|2938|22.6356|0.2432|0.3575|
uk-politics-parliaments_64|510|6008|22.2902|0.2050|0.3084||415|5659|25.3325|0.2134|0.3204|
uk-england-essex_15|82|1068|22.6341|0.3384|0.4732||78|1064|23.3974|0.3430|0.4813|
uk-england-essex_13|120|1614|22.6750|0.3219|0.4698||104|1470|23.4808|0.3350|0.4891|
uk-scotland-scotland-politics_1|307|3351|20.8730|0.2221|0.3220||286|3297|21.8077|0.2241|0.3259|
uk-scotland_34|502|5404|21.8147|0.1824|0.2891||377|4470|22.4562|0.2098|0.3265|
world-africa_17|238|1901|16.6723|0.2472|0.3470||172|1590|18.3023|0.2732|0.3775|
uk-wales_4|215|1941|16.8698|0.2749|0.3777||180|1854|18.8722|0.2802|0.3860|
world-us-canada_19|93|910|17.6129|0.3388|0.4660||55|630|19.2909|0.3949|0.5242|
uk-england-beds-bucks-herts_30|149|1990|22.9530|0.3129|0.4612||135|1950|24.6296|0.3137|0.4622|
uk-politics-parliaments_21|216|2493|21.0046|0.2504|0.3663||188|2340|22.0532|0.2627|0.3834|
uk-politics-parliaments_59|340|3857|21.5912|0.2263|0.3398||282|3675|24.4787|0.2315|0.3480|
uk-england-leeds_28|278|2548|19.1223|0.2084|0.2898||229|2375|20.8297|0.2220|0.3070|
world-us-canada_17|151|1670|18.9801|0.3081|0.4269||111|1395|20.7207|0.3304|0.4554|
world-europe_7|339|3499|19.3363|0.2259|0.3344||252|3133|22.6270|0.2403|0.3544|
uk_2|1189|10851|20.2742|0.1307|0.2032||974|9671|21.1366|0.1427|0.2200|
uk-politics_58|177|2042|22.6328|0.2546|0.3603||153|1885|23.6209|0.2637|0.3732|
uk-scotland_20|255|3307|20.4627|0.3195|0.4787||223|2948|20.3049|0.3397|0.5009|
uk-scotland_127|332|4396|21.9367|0.2749|0.4219||279|3810|21.8638|0.2998|0.4529|
uk-politics_70|204|2892|24.1078|0.2729|0.3890||160|2414|24.7000|0.2978|0.4204|
world-europe_5|152|1460|19.2368|0.2599|0.3427||127|1393|20.9843|0.2739|0.3594|
uk_9|138|1252|17.9855|0.2844|0.4204||101|1031|19.1386|0.3192|0.4595|
uk-scotland_72|251|3446|21.8924|0.3121|0.4580||229|3209|22.0568|0.3243|0.4692|
uk-politics_52|53|707|22.1509|0.3688|0.5083||43|619|23.3256|0.3848|0.5299|
uk-northern-ireland-politics_10|81|1176|25.2469|0.3125|0.4309||71|1033|24.6338|0.3333|0.4495|
uk-england-cambridgeshire_7|96|1395|23.2917|0.3573|0.4903||91|1340|23.3846|0.3609|0.4899|
uk-politics_33|484|6493|26.1260|0.1904|0.2854||396|5547|26.5657|0.2060|0.3042|
uk_14|263|2863|20.9734|0.2491|0.3439||234|2707|22.1795|0.2532|0.3483|
uk-england-norfolk_7|111|1448|21.0090|0.3559|0.4914||104|1397|21.4519|0.3622|0.5010|
uk-england-suffolk_20|103|1375|21.7087|0.3551|0.4899||82|1194|22.8780|0.3795|0.5123|
uk-scotland_90|374|4322|19.6524|0.2656|0.4011||335|4054|20.1612|0.2779|0.4159|
uk-politics_83|417|4947|24.7098|0.2000|0.2989||321|4285|27.0062|0.2143|0.3154|
election-_16|584|6849|24.3065|0.1761|0.2628||438|5927|26.5320|0.1959|0.2886|
uk-politics-parliaments_1|373|4459|22.7105|0.2145|0.3224||298|4003|24.9698|0.2256|0.3375|
science-environment_3|750|6875|19.7360|0.1619|0.2455||637|6588|21.6719|0.1676|0.2553|
uk-politics_35|330|4212|23.5273|0.2303|0.3491||266|3732|25.2632|0.2452|0.3650|
world-australia_2|131|1400|17.8244|0.3212|0.4483||106|1266|19.6415|0.3295|0.4589|
uk-scotland_37|258|3395|20.5504|0.3180|0.4656||230|3164|20.9826|0.3336|0.4852|
uk-politics_169|107|1144|18.0748|0.3552|0.4819||63|811|20.3016|0.4222|0.5688|
uk-scotland_107|335|3952|18.5164|0.3195|0.4598||292|3693|19.4212|0.3357|0.4813|
uk-scotland-scotland-politics_48|316|3915|24.5127|0.2073|0.3042||271|3744|26.4465|0.2147|0.3166|
world-africa_5|120|1700|22.1083|0.3679|0.5213||97|1536|24.0825|0.3857|0.5385|
uk-england-cambridgeshire_3|84|1071|21.2976|0.3734|0.5030||79|1053|21.8354|0.3826|0.5119|
election-_21|653|6989|22.7289|0.1657|0.2468||512|6130|24.4355|0.1806|0.2662|
uk-politics-parliaments_54|218|2687|22.5550|0.2632|0.3711||193|2477|23.1969|0.2727|0.3824|
uk_11|194|2650|26.5103|0.2164|0.3256||176|2428|26.4034|0.2251|0.3318|
uk-politics_101|242|2994|22.4669|0.2450|0.3554||205|2753|23.7805|0.2572|0.3713|
uk-scotland_108|364|4689|20.7143|0.2931|0.4392||331|4405|20.9275|0.3063|0.4555|
uk-northern-ireland-politics_41|138|1941|24.6304|0.3007|0.4364||121|1739|24.7438|0.3113|0.4502|
uk-politics-parliaments_17|76|1150|25.5921|0.3332|0.4578||70|1150|27.7000|0.3337|0.4592|
uk-politics_251|296|4293|26.1689|0.2365|0.3489||262|4106|27.9427|0.2423|0.3571|
uk-scotland_26|236|3230|23.0127|0.3086|0.4354||207|3047|24.4300|0.3154|0.4437|
uk-politics_204|214|2563|23.0561|0.2487|0.3496||160|2158|24.9312|0.2730|0.3788|
uk-england-leeds_19|305|2983|19.6262|0.2040|0.2902||260|2804|20.9192|0.2155|0.3070|
uk-england_1|245|2154|17.4531|0.2460|0.3446||192|2026|20.3698|0.2549|0.3583|
uk-politics_253|207|2741|23.1159|0.2819|0.4148||152|2297|25.4868|0.3110|0.4554|
uk-politics_10|342|4616|25.9591|0.2190|0.3278||283|4215|28.2580|0.2253|0.3374|
uk-politics_152|457|4632|21.9453|0.1812|0.2643||335|3796|23.2716|0.2055|0.2944|
uk-england-beds-bucks-herts_25|169|2191|23.0296|0.2919|0.4290||150|2038|23.7800|0.3022|0.4417|
uk-politics-parliaments_45|116|1845|27.6897|0.2895|0.4233||95|1653|29.4421|0.3100|0.4514|
uk-scotland_133|374|4652|20.1578|0.2910|0.4298||333|4385|20.8318|0.3039|0.4466|
uk-england-northamptonshire_8|169|2074|20.8343|0.3172|0.4595||137|1767|21.3577|0.3431|0.4919|
uk-politics_185|467|6197|26.7366|0.1826|0.2857||409|5703|27.4401|0.1917|0.2985|
uk-politics_31|175|2301|23.5371|0.2969|0.4160||150|2186|25.7533|0.3075|0.4267|
uk-england-essex_7|145|1581|19.7586|0.2991|0.4262||123|1447|20.7886|0.3133|0.4473|
uk-scotland_36|275|3469|19.0291|0.3327|0.4777||245|3345|20.0735|0.3436|0.4902|
uk-northern-ireland-politics_3|66|973|24.5909|0.3549|0.4810||59|886|24.5254|0.3725|0.4984|
uk_13|276|2783|18.5471|0.2352|0.3436||240|2668|20.2083|0.2394|0.3494|
uk-scotland_100|432|5059|21.0347|0.2440|0.3525||349|4573|22.5731|0.2642|0.3793|
uk-scotland-scotland-politics_25|556|5652|21.0360|0.1782|0.2636||520|5510|21.7308|0.1808|0.2675|
uk-england-beds-bucks-herts_15|63|990|25.4444|0.3862|0.5442||59|957|25.9661|0.3916|0.5491|
uk-scotland_87|217|2549|19.0138|0.3192|0.4621||196|2474|20.1837|0.3253|0.4700|
uk-scotland_103|459|4685|22.3660|0.1913|0.2677||380|4312|24.3026|0.2006|0.2774|
uk-politics-parliaments_30|345|3957|21.6406|0.2262|0.3441||308|3758|22.6234|0.2338|0.3550|
uk-scotland_48|159|1509|19.7484|0.2283|0.3283||116|1178|20.7672|0.2520|0.3509|
uk-england-northamptonshire_13|108|1582|25.6204|0.3123|0.4310||92|1419|26.6957|0.3253|0.4457|
uk-politics_109|571|6856|25.5797|0.1698|0.2633||447|5750|26.3266|0.1874|0.2844|
uk-england-northamptonshire_5|84|1314|25.1548|0.3512|0.4867||77|1269|26.0649|0.3607|0.4973|
uk-politics_45|390|5124|25.3923|0.2000|0.2982||301|4264|26.1860|0.2200|0.3225|
uk-scotland_80|338|3932|18.9467|0.2998|0.4385||276|3538|20.0290|0.3222|0.4668|
uk-scotland_6|407|4589|22.8747|0.1845|0.2900||310|3890|23.9581|0.2091|0.3235|
uk-politics_206|107|1287|22.9346|0.2791|0.3900||90|1124|23.3111|0.2946|0.4057|
uk-politics_79|209|2324|20.1770|0.2627|0.3682||165|1990|21.2424|0.2822|0.3911|
uk-politics_89|347|3987|22.0663|0.2296|0.3460||271|3334|22.8561|0.2523|0.3719|
uk-scotland_7|199|2511|20.0905|0.3294|0.4828||179|2357|20.5363|0.3428|0.4985|
uk-politics_55|288|4232|28.1181|0.2178|0.3237||253|4014|30.0040|0.2243|0.3340|
world_2|824|7107|18.5012|0.1728|0.2671||531|5524|21.0395|0.1967|0.2994|
uk-scotland-scotland-politics_33|495|4724|20.9677|0.1743|0.2566||441|4331|21.5578|0.1787|0.2623|
uk-politics_246|234|3123|25.9402|0.2292|0.3468||176|2641|28.1989|0.2498|0.3698|
uk-politics-parliaments_8|508|6016|22.8996|0.2031|0.3118||444|5686|24.2748|0.2114|0.3234|
uk-scotland_132|280|3681|20.9143|0.3053|0.4427||254|3567|21.9646|0.3122|0.4512|
world-us-canada_15|312|2674|16.0994|0.2588|0.3595||233|2433|18.8584|0.2736|0.3773|
uk-scotland_116|253|2577|18.0277|0.2969|0.4241||205|2271|18.9854|0.3147|0.4486|
world-europe_23|770|7508|20.8312|0.1751|0.2522||614|6596|22.2736|0.1865|0.2646|
uk-politics_232|194|2258|22.0773|0.2617|0.3678||169|2192|24.1065|0.2688|0.3794|
uk-england-northamptonshire_26|110|1893|28.6182|0.3142|0.4488||106|1848|29.0189|0.3157|0.4510|
uk-politics_60|775|7828|22.0658|0.1564|0.2350||579|6519|23.2245|0.1764|0.2612|
uk-scotland_113|369|4245|21.2331|0.2425|0.3543||287|3783|22.5192|0.2720|0.3948|
uk-politics-parliaments_32|459|5229|21.3660|0.2247|0.3335||336|4519|24.0238|0.2462|0.3633|
world-africa_4|165|1750|20.1152|0.2766|0.3794||146|1650|21.2123|0.2816|0.3823|
uk-politics_118|175|2699|29.0629|0.2444|0.3597||170|2652|29.3706|0.2453|0.3607|
uk-politics_220|362|4942|23.7983|0.2297|0.3484||277|3883|23.4982|0.2606|0.3847|
uk-scotland_92|233|2108|16.5837|0.2860|0.4038||188|2016|19.1436|0.2967|0.4196|
uk-scotland-scotland-politics_31|195|1943|21.6821|0.2138|0.2807||161|1869|24.2298|0.2266|0.2980|
uk-northern-ireland-politics_44|188|2352|23.2394|0.2650|0.3821||155|2043|23.8323|0.2834|0.4053|
election-_25|316|3777|23.2152|0.2105|0.3151||234|3197|25.2692|0.2327|0.3439|
uk-scotland_11|248|3190|19.8306|0.3379|0.5042||229|3026|20.1354|0.3492|0.5181|
uk-politics_153|278|3866|26.1583|0.2185|0.3298||255|3738|27.3725|0.2216|0.3345|
election--wales_4|160|1916|24.4563|0.2343|0.3325||122|1463|23.8770|0.2533|0.3508|
uk-politics_146|227|3261|25.5374|0.2560|0.3731||190|2973|27.3737|0.2674|0.3867|
uk-england-cambridgeshire_12|93|1162|22.2796|0.3417|0.4718||83|1078|22.6627|0.3530|0.4888|
uk-northern-ireland-politics_43|98|1400|25.2245|0.3066|0.4294||86|1285|25.8023|0.3204|0.4436|
uk-scotland_18|572|5780|20.9038|0.1845|0.2835||477|5211|21.8658|0.1986|0.3035|
uk-politics_110|468|6292|25.2137|0.1965|0.2947||390|5683|26.4667|0.2109|0.3130|
uk-northern-ireland-politics_37|96|1314|23.0729|0.3341|0.4619||90|1274|23.6889|0.3372|0.4653|
uk-scotland-scotland-politics_35|447|4847|21.3579|0.1961|0.2904||430|4804|21.8023|0.1987|0.2944|
uk-politics_192|597|6643|22.7320|0.1815|0.2784||500|6146|24.4980|0.1911|0.2906|
uk-england-leeds_16|304|2907|19.1546|0.2133|0.2997||257|2668|20.0856|0.2276|0.3168|
uk-scotland_154|304|4079|23.5921|0.2490|0.3767||265|3677|23.8415|0.2637|0.3946|
uk-politics_156|360|4719|24.1611|0.2225|0.3341||329|4604|25.4833|0.2279|0.3414|
election-_5|381|4425|23.1181|0.2054|0.2955||283|3564|24.2403|0.2238|0.3130|
uk-scotland_119|332|3514|17.7380|0.2958|0.4304||270|3183|19.2111|0.3133|0.4537|
uk-england-suffolk_21|122|1803|23.9590|0.3541|0.5125||115|1679|23.4870|0.3617|0.5190|
uk-politics_249|363|4778|24.0937|0.2312|0.3498||293|4125|24.9863|0.2476|0.3695|
uk-scotland_61|577|6310|21.0797|0.2160|0.3285||477|5730|22.0063|0.2364|0.3571|
uk-politics_230|289|4236|26.8789|0.2209|0.3342||240|4173|31.2917|0.2252|0.3421|
uk-scotland_105|363|4397|20.5950|0.2711|0.3990||300|3869|21.1100|0.2939|0.4246|
uk-northern-ireland-politics_27|70|911|22.2286|0.3509|0.4785||62|847|23.1290|0.3515|0.4805|
uk-england-beds-bucks-herts_28|164|2180|23.6037|0.2937|0.4295||145|2032|24.3931|0.3082|0.4499|
uk-scotland_63|576|5619|20.6910|0.1760|0.2762||453|4789|21.5364|0.1921|0.2984|
uk-politics_56|556|6391|22.8273|0.1892|0.2807||458|5676|23.7860|0.2040|0.2993|
election-_29|277|4106|27.3394|0.2369|0.3572||200|3098|27.4450|0.2662|0.3885|
uk-politics_226|187|2578|24.9786|0.2473|0.3729||164|2382|25.7927|0.2565|0.3820|
uk-wales-politics_7|97|1173|19.8454|0.3538|0.4815||73|1063|23.1370|0.3748|0.5101|
uk_12|211|2302|20.4171|0.2539|0.3711||171|1950|20.4620|0.2812|0.4000|
uk-politics-parliaments_49|615|6645|21.5041|0.1871|0.2895||503|6277|24.3897|0.1931|0.2983|
uk-scotland-scotland-politics_23|484|5265|21.7996|0.1911|0.2864||460|5205|22.3652|0.1937|0.2908|
election--northern-ireland_1|705|5552|16.7163|0.1763|0.2485||509|4813|19.4597|0.1909|0.2655|
world-middle-east_1|111|1605|23.7658|0.3067|0.4128||95|1482|25.2316|0.3179|0.4220|
uk-scotland_138|366|4582|20.6585|0.2772|0.4109||311|4031|20.8457|0.2971|0.4360|
world-us-canada_8|218|1767|17.8807|0.2376|0.3211||158|1573|20.6519|0.2590|0.3421|
uk-england-suffolk_10|117|1711|24.5385|0.3253|0.4748||94|1390|24.2340|0.3477|0.4986|
uk-scotland_82|209|2849|21.0191|0.3444|0.4982||182|2594|21.5385|0.3577|0.5149|
uk-scotland_81|424|5296|22.8656|0.2269|0.3508||331|4352|22.8943|0.2575|0.3878|
world-europe_30|237|2263|18.3966|0.2665|0.3860||179|1996|20.0726|0.2933|0.4210|
world-europe_9|376|3808|20.4043|0.2156|0.3046||306|3568|22.6503|0.2288|0.3218|
uk-politics_193|249|2963|24.0442|0.2191|0.3194||181|2476|26.6022|0.2434|0.3505|
uk-scotland-scotland-politics_44|363|3973|21.1405|0.2068|0.3016||336|3897|21.8363|0.2121|0.3101|
uk-england-leeds_1|321|2545|16.7072|0.2042|0.2897||260|2412|18.8885|0.2138|0.3040|
uk-scotland_158|282|3703|21.1454|0.3056|0.4557||241|3379|21.8921|0.3251|0.4815|
uk-politics_197|336|4445|24.5982|0.2207|0.3275||314|4322|25.4140|0.2236|0.3316|
uk-politics-parliaments_52|468|5687|22.6581|0.2163|0.3272||381|5260|25.3150|0.2250|0.3387|
uk-politics_136|74|1030|25.3784|0.2907|0.4075||59|806|24.4407|0.3155|0.4172|
uk-politics-parliaments_50|321|3845|21.6480|0.2439|0.3637||273|3667|23.8718|0.2512|0.3770|
uk-politics_103|284|4250|27.8838|0.2245|0.3348||225|3961|32.2978|0.2312|0.3456|
world-africa_10|234|3362|24.7393|0.2639|0.3892||203|3122|26.0246|0.2724|0.4003|
election-_6|909|8614|21.2310|0.1494|0.2242||719|7844|23.2239|0.1617|0.2416|
uk-scotland_118|174|2132|19.2931|0.3518|0.5145||150|2053|20.9400|0.3629|0.5308|
uk-politics_4|103|1381|23.1845|0.3120|0.4272||86|1231|24.2326|0.3287|0.4527|
uk-politics_92|290|4000|26.4379|0.2303|0.3493||233|3462|27.7682|0.2467|0.3712|
uk-politics_51|269|3848|25.7472|0.2436|0.3576||259|3805|26.3822|0.2450|0.3602|
uk-politics_138|1915|21133|27.1436|0.1000|0.1603||1587|18832|28.0063|0.1090|0.1728|
uk-scotland_57|315|3928|20.6825|0.2863|0.4253||279|3690|21.3799|0.3003|0.4419|
uk-politics-parliaments_24|397|4641|20.8715|0.2397|0.3593||296|3969|23.1926|0.2575|0.3816|
uk-england-beds-bucks-herts_6|140|1824|22.8857|0.3165|0.4506||118|1685|24.8220|0.3254|0.4629|
uk-england-leeds_27|289|2609|18.5052|0.2100|0.2900||241|2388|19.5851|0.2258|0.3075|
uk-england-beds-bucks-herts_18|122|1505|21.7869|0.3138|0.4504||112|1458|22.6786|0.3189|0.4597|
uk-england-beds-bucks-herts_3|177|2349|24.0395|0.2799|0.4043||150|2111|25.0133|0.2956|0.4221|
uk-england-suffolk_18|131|2051|26.5878|0.3038|0.4450||112|1752|26.1161|0.3258|0.4717|
uk-scotland_5|298|3385|21.6611|0.2294|0.3534||247|2875|21.2470|0.2529|0.3815|
_2|305|3046|18.4000|0.2414|0.3528||249|2774|19.9357|0.2560|0.3712|
uk-scotland_33|195|2546|20.1538|0.3506|0.5182||171|2361|20.6784|0.3708|0.5419|
uk-england-leeds_22|366|2901|16.9727|0.1956|0.2744||307|2790|18.7850|0.2037|0.2858|
uk-scotland_41|386|4507|19.5052|0.2784|0.4217||342|4223|19.9883|0.2940|0.4436|
world-europe_13|153|1665|21.2418|0.2640|0.3726||133|1596|22.9398|0.2704|0.3817|
uk-politics_117|243|3592|27.6255|0.2322|0.3439||226|3431|28.0575|0.2373|0.3495|
uk-politics_208|538|5367|20.7955|0.1905|0.2701||428|4883|22.8762|0.2041|0.2886|
uk-politics_184|179|2545|27.3128|0.2326|0.3549||146|2179|28.1096|0.2522|0.3784|
uk-politics_165|135|2283|27.6370|0.3064|0.4430||130|2277|28.5000|0.3072|0.4443|
uk-politics_180|89|1284|24.1573|0.3321|0.4567||83|1189|23.8313|0.3392|0.4616|
uk_4|330|4114|24.2879|0.2107|0.3152||264|3489|24.9924|0.2273|0.3337|
uk-politics_90|496|6076|25.2802|0.1738|0.2649||424|5544|26.5967|0.1809|0.2748|
uk-scotland_149|264|3158|19.4129|0.3165|0.4656||215|2765|20.0047|0.3455|0.5018|
uk-northern-ireland-politics_14|146|1784|22.0959|0.2929|0.4164||130|1637|22.4308|0.3018|0.4249|
uk-scotland_45|189|2553|20.2593|0.3680|0.5259||161|2368|21.6211|0.3798|0.5392|
uk-politics_71|315|4174|23.5460|0.2403|0.3443||287|3962|24.2021|0.2450|0.3505|
uk-scotland_15|118|1010|16.2627|0.2897|0.3788||100|969|17.8700|0.3022|0.3966|
uk-scotland_12|420|5081|19.2524|0.2953|0.4347||369|4865|20.4634|0.3064|0.4526|
uk-scotland_10|384|4930|22.0052|0.2579|0.3988||322|4347|22.1211|0.2832|0.4303|
uk-scotland_143|264|3577|21.0871|0.3237|0.4764||230|3276|21.7304|0.3415|0.4998|
uk-england-cambridgeshire_19|95|1105|21.5789|0.2995|0.4047||85|1041|21.5059|0.3222|0.4299|
uk-england-cambridgeshire_11|107|1211|21.8972|0.2885|0.4033||92|1152|23.4130|0.3036|0.4207|
uk-england-leeds_9|304|2512|18.2072|0.2007|0.2722||255|2405|20.0275|0.2105|0.2855|
uk-politics_134|459|6530|25.5752|0.2154|0.3287||342|5250|26.2456|0.2434|0.3646|
uk-england-beds-bucks-herts_10|165|2541|27.0909|0.2866|0.4385||154|2368|26.9416|0.2919|0.4433|
uk-scotland_96|253|3264|20.7470|0.3039|0.4481||222|3044|21.5856|0.3193|0.4678|
uk-politics_112|420|5395|24.5643|0.2154|0.3168||350|4892|26.0800|0.2295|0.3353|
uk-politics_161|268|3943|27.4067|0.2204|0.3271||252|3894|28.5794|0.2220|0.3287|
uk-politics_11|251|3178|22.5378|0.2637|0.3856||207|3147|26.5894|0.2682|0.3926|
uk-scotland_16|360|4243|19.0556|0.2933|0.4345||302|3836|19.9007|0.3121|0.4565|
uk-politics_159|95|1144|20.5263|0.3472|0.4761||78|977|20.8846|0.3689|0.4986|
election-_22|911|9190|21.0637|0.1572|0.2371||688|8024|22.9477|0.1758|0.2648|
world-europe_10|1216|11106|19.7360|0.1516|0.2344||948|9859|21.7722|0.1632|0.2515|
uk-politics_158|429|5207|22.9977|0.2084|0.3169||337|4357|23.5964|0.2285|0.3413|
uk-northern-ireland-politics_30|114|1521|22.2719|0.3356|0.4753||101|1376|22.1980|0.3497|0.4873|
uk-politics_59|538|5820|23.2361|0.1683|0.2554||462|5237|23.7186|0.1794|0.2691|
uk-scotland_69|340|3992|20.4235|0.2693|0.3995||293|3716|21.4471|0.2845|0.4203|
uk-politics_219|303|4099|24.7162|0.2401|0.3623||249|3898|27.9398|0.2492|0.3753|
uk-politics_13|724|7172|20.7914|0.1693|0.2601||580|6232|21.6172|0.1836|0.2808|
world-middle-east_2|190|1853|20.4789|0.2161|0.3084||156|1699|22.1795|0.2260|0.3194|
uk-politics_247|522|7331|26.0249|0.2032|0.3142||432|6394|26.6227|0.2192|0.3337|
uk-scotland_155|337|4200|20.2700|0.2988|0.4372||302|4019|21.2119|0.3081|0.4503|
uk-politics_2|510|5889|24.0941|0.1799|0.2692||392|4983|25.1327|0.2009|0.2952|
uk-scotland_53|239|3108|19.8745|0.3440|0.5033||210|2906|20.6619|0.3591|0.5188|
uk-northern-ireland-politics_20|130|1863|25.3231|0.2934|0.4311||119|1708|25.1765|0.3014|0.4381|
uk-politics_50|860|9421|23.2791|0.1595|0.2403||654|7903|24.5642|0.1762|0.2618|
uk-northern-ireland-politics_26|158|1822|21.0190|0.2933|0.4208||147|1720|21.1156|0.2990|0.4255|
uk-northern-ireland-politics_18|87|1167|22.8621|0.3323|0.4675||81|1156|24.1605|0.3347|0.4710|
uk-scotland_91|288|3702|21.1146|0.2983|0.4429||249|3334|21.3735|0.3192|0.4669|
uk-politics-parliaments_31|84|960|19.3333|0.3399|0.4481||65|870|22.0308|0.3534|0.4615|
uk-politics_37|160|2068|22.1000|0.2842|0.4011||136|1948|24.0441|0.2966|0.4192|
election-_14|941|9331|21.0372|0.1587|0.2414||734|8359|22.9741|0.1741|0.2636|
uk-england-northamptonshire_1|156|2132|22.5256|0.3332|0.4778||146|2021|22.5890|0.3378|0.4838|
uk-northern-ireland-politics_5|115|1472|21.4087|0.3412|0.4823||100|1336|22.1100|0.3537|0.4957|
uk-england-beds-bucks-herts_27|124|1494|21.5806|0.3210|0.4561||109|1430|23.4037|0.3246|0.4630|
uk-politics_19|389|5633|28.4807|0.1947|0.2908||315|4991|30.0476|0.2072|0.3092|
uk-politics_32|96|1285|22.9271|0.3262|0.4538||76|1078|23.2500|0.3605|0.4885|
uk-northern-ireland-politics_16|90|1202|23.2667|0.3161|0.4424||69|1021|24.6377|0.3459|0.4737|
world-europe_26|206|2079|18.8107|0.2707|0.3825||165|1861|20.3394|0.2887|0.4081|
uk-wales-politics_2|85|1025|18.9647|0.3976|0.5211||60|904|23.1833|0.4184|0.5485|
uk-politics_46|103|1188|22.1165|0.2752|0.3867||76|950|23.0658|0.3052|0.4148|
uk-politics_213|229|2820|21.6245|0.2761|0.4013||185|2522|23.3514|0.2921|0.4210|
uk-scotland_109|193|2643|21.2332|0.3416|0.5150||176|2455|21.2216|0.3590|0.5329|
uk-politics-parliaments_19|365|4559|23.5397|0.2149|0.3249||311|4249|25.2540|0.2236|0.3362|
uk-scotland_150|257|2663|18.5759|0.2757|0.3959||214|2433|19.9953|0.2865|0.4117|
uk-england-leeds_3|310|2325|16.1935|0.1968|0.2776||249|2221|18.3092|0.2099|0.2959|
uk-politics_177|249|3297|23.7108|0.2539|0.3658||223|3132|24.7848|0.2618|0.3762|
uk-england-cambridgeshire_1|88|1087|21.8523|0.3313|0.4598||83|1063|22.0602|0.3457|0.4811|
uk-politics_61|177|2577|25.6836|0.2679|0.4064||140|2336|28.9857|0.2767|0.4180|
election-_30|349|4223|24.0258|0.2044|0.3021||238|3267|25.5168|0.2381|0.3436|
uk_16|106|1219|18.8868|0.3352|0.4651||94|1088|18.8511|0.3437|0.4716|
uk-politics_53|181|2324|22.9116|0.2747|0.3836||154|2120|23.8831|0.2904|0.4022|
world-europe_27|366|3752|21.0738|0.2129|0.3140||285|3275|22.7825|0.2282|0.3318|
uk-england-leeds_5|292|2593|18.5822|0.2068|0.2947||244|2406|19.8484|0.2185|0.3075|
world-europe_17|242|3033|23.4091|0.2380|0.3382||174|2458|25.3218|0.2635|0.3636|
uk-england-cambridgeshire_9|89|1061|20.9888|0.3324|0.4681||84|1048|21.6905|0.3381|0.4773|
uk-politics_203|508|6579|26.6083|0.1778|0.2627||393|5385|27.1425|0.2003|0.2909|
uk-scotland-scotland-politics_32|448|4786|22.9688|0.1724|0.2523||435|4724|23.1816|0.1742|0.2549|
uk-politics_196|86|1113|22.7093|0.3200|0.4523||79|1032|22.5949|0.3317|0.4648|
uk-politics-parliaments_62|510|6047|22.5431|0.2024|0.3192||420|5651|24.9381|0.2133|0.3353|
uk-politics-parliaments_7|450|4951|21.8778|0.2040|0.3074||367|4565|24.0817|0.2136|0.3211|
uk-scotland-scotland-politics_11|176|2188|20.9318|0.3010|0.4252||169|2173|21.5858|0.3026|0.4283|
uk-politics_186|448|5436|23.8884|0.1942|0.3008||362|4718|24.6326|0.2141|0.3265|
uk-england-suffolk_5|115|1580|22.1652|0.3515|0.5044||100|1460|23.1900|0.3622|0.5209|
uk-politics_43|451|5047|22.2528|0.2111|0.3078||356|4450|23.7753|0.2320|0.3339|
uk-scotland_74|204|2842|22.3627|0.3240|0.4774||179|2517|22.1899|0.3391|0.4910|
uk-politics_82|436|5584|23.1239|0.2180|0.3273||340|4725|24.0765|0.2409|0.3534|
uk-politics_128|325|3989|24.3631|0.2080|0.3216||265|3505|25.7094|0.2235|0.3443|
world-africa_20|338|3649|22.8639|0.1880|0.2727||284|3411|24.8028|0.1956|0.2807|
world-us-canada_13|327|2838|17.6881|0.2353|0.3195||231|2450|20.4156|0.2602|0.3463|
world-asia_7|207|2162|19.9855|0.2429|0.3440||171|1946|21.0000|0.2573|0.3645|
uk-scotland-scotland-politics_50|429|4387|21.4172|0.1881|0.2836||402|4338|22.1443|0.1924|0.2907|
uk-politics-parliaments_53|240|3236|25.4500|0.2377|0.3559||209|3222|28.6077|0.2410|0.3619|
uk-wales-politics_10|95|1100|19.3474|0.3662|0.4938||67|958|23.5373|0.3773|0.5039|
uk-scotland-scotland-politics_17|218|2805|25.3028|0.2199|0.3159||207|2777|25.6522|0.2267|0.3261|
uk-england-suffolk_6|111|1482|21.7928|0.3613|0.5010||90|1322|23.0778|0.3813|0.5211|
election-_4|836|8499|22.0443|0.1533|0.2312||671|7668|23.9121|0.1641|0.2457|
uk-politics_170|116|1866|30.2586|0.2541|0.3712||65|1002|27.0615|0.3246|0.4296|
world-europe_2|223|2396|20.4709|0.2482|0.3738||158|1831|21.5570|0.2772|0.4076|
uk-scotland_126|625|6863|22.6496|0.1690|0.2663||497|5784|22.8974|0.1887|0.2920|
uk-politics_148|391|4880|24.1330|0.2046|0.3119||313|4156|25.0032|0.2198|0.3328|
uk-scotland_93|321|3924|19.7570|0.2938|0.4384||287|3674|20.2021|0.3070|0.4574|
uk-england-northamptonshire_31|148|2182|26.2230|0.2669|0.3923||134|1992|26.1567|0.2765|0.4032|
uk-england-norfolk_1|93|1265|20.8280|0.3898|0.5390||81|1225|22.7531|0.3983|0.5507|
uk-politics_172|272|3792|25.0882|0.2425|0.3475||236|3519|26.5254|0.2513|0.3587|
uk-wales-politics_9|120|1422|19.9667|0.3293|0.4527||76|1073|22.7368|0.3715|0.5089|
uk-scotland_120|268|3624|21.4590|0.3005|0.4412||240|3396|21.9708|0.3133|0.4568|
uk-politics_84|169|2485|28.1479|0.2436|0.3515||135|2086|28.6815|0.2642|0.3734|
uk-england-essex_8|96|1234|20.9896|0.3573|0.4911||81|1166|22.9136|0.3680|0.5084|
uk-northern-ireland-politics_31|126|1443|19.6905|0.3305|0.4563||115|1345|19.8870|0.3397|0.4657|
uk-england-northamptonshire_22|67|772|18.6119|0.4130|0.5463||54|756|22.3148|0.4158|0.5514|
uk-scotland_55|271|3686|21.1882|0.3171|0.4608||234|3277|21.4530|0.3363|0.4831|
uk-politics_68|336|3579|20.8512|0.2081|0.3074||291|3289|21.4570|0.2201|0.3232|
uk-politics_96|86|1351|24.4884|0.3732|0.5290||71|1168|24.9577|0.3911|0.5427|
uk-england-leeds_2|291|2570|18.4777|0.2072|0.2939||244|2484|20.5779|0.2169|0.3069|
world-europe_25|918|8785|20.9847|0.1561|0.2316||730|7828|22.8110|0.1670|0.2451|
uk-politics_212|809|7542|21.2324|0.1709|0.2473||664|6968|23.1235|0.1802|0.2601|
world-europe_24|1495|14916|22.3023|0.1354|0.2044||1246|13752|24.1565|0.1414|0.2125|
uk-england-suffolk_3|114|1539|22.5789|0.3462|0.4814||98|1381|23.2143|0.3556|0.4919|
uk-england-norfolk_15|124|1652|21.5242|0.3428|0.4857||113|1533|21.6991|0.3520|0.4942|
uk-politics_183|284|4086|27.5775|0.2172|0.3354||216|3300|27.9583|0.2469|0.3674|
uk-politics_75|466|5472|23.5944|0.1905|0.2826||363|4606|24.8512|0.2064|0.3030|
uk-scotland_77|278|3462|20.2194|0.3078|0.4602||231|3116|20.9870|0.3323|0.4941|
election-_8|1020|10152|22.0598|0.1470|0.2220||760|8809|24.1500|0.1647|0.2462|
uk-politics_105|306|3601|22.6601|0.2279|0.3532||266|3436|24.3045|0.2379|0.3694|
uk-politics-parliaments_37|150|2088|24.7133|0.2725|0.3975||127|2074|28.7402|0.2745|0.4022|
uk-northern-ireland-politics_25|76|1134|25.4342|0.3492|0.4970||68|1046|25.4265|0.3678|0.5187|
uk-england-beds-bucks-herts_20|159|2377|26.4654|0.2880|0.4276||139|2113|26.6259|0.2986|0.4391|
uk-politics_171|254|3672|25.0906|0.2570|0.3719||225|3493|26.7111|0.2626|0.3795|
uk-england-beds-bucks-herts_2|118|1373|20.3898|0.3184|0.4508||104|1324|22.1346|0.3215|0.4550|
science-environment_1|294|2519|17.9898|0.2233|0.3085||224|2349|21.1518|0.2315|0.3232|
uk-england-cambridgeshire_17|77|1050|23.0649|0.3711|0.4919||72|1019|23.4306|0.3859|0.5140|
uk-politics_257|212|2699|24.4528|0.2450|0.3510||161|2237|25.6273|0.2707|0.3786|
uk-scotland_30|290|3644|20.9241|0.2985|0.4366||236|3175|21.2627|0.3292|0.4666|
world-latin-america_1|172|1495|16.2674|0.3009|0.4062||137|1443|19.2044|0.3117|0.4247|
uk-england-norfolk_6|96|1402|22.5625|0.3800|0.5290||90|1340|22.8000|0.3860|0.5380|
uk-politics_227|462|5989|24.2944|0.2052|0.3133||390|5426|25.5051|0.2162|0.3279|
uk-politics_100|97|1697|29.0515|0.3194|0.4699||95|1694|29.5789|0.3196|0.4704|
uk-politics_150|208|2926|24.0913|0.2750|0.3972||181|2798|25.9724|0.2853|0.4105|
uk-england-beds-bucks-herts_23|163|2338|25.1595|0.2970|0.4434||144|2050|25.0069|0.3082|0.4555|
world-africa_9|159|1943|21.0503|0.3257|0.4738||133|1753|21.7895|0.3502|0.5077|
uk-politics_265|463|5494|23.9395|0.1815|0.2674||400|5002|24.7275|0.1918|0.2790|
world-europe_31|79|1010|21.3165|0.3426|0.5041||74|946|21.1892|0.3552|0.5188|
uk-scotland-scotland-politics_2|483|5203|22.3561|0.1837|0.2723||451|5085|22.7783|0.1895|0.2819|
uk-politics_261|1629|16966|23.1406|0.1260|0.1916||1354|15165|24.1012|0.1354|0.2035|
uk-scotland-scotland-politics_24|478|4568|20.2594|0.1884|0.2733||431|4448|21.2297|0.1950|0.2837|
uk-england-norfolk_11|121|1569|21.8760|0.3249|0.4678||110|1427|21.7000|0.3377|0.4819|
uk-england-beds-bucks-herts_33|138|1728|22.2536|0.3038|0.4324||124|1627|23.1290|0.3110|0.4404|
uk-northern-ireland-politics_21|93|1218|22.2151|0.3219|0.4568||77|1060|22.4416|0.3524|0.4880|
uk-scotland_144|318|3812|22.8679|0.2327|0.3384||252|3270|23.8690|0.2524|0.3593|
world-africa_21|404|4545|21.9381|0.2087|0.3202||326|3848|22.4110|0.2272|0.3420|
uk-politics_137|430|4946|24.6674|0.1871|0.2846||338|4255|25.8077|0.2062|0.3067|
uk-scotland_101|293|2559|20.1160|0.1956|0.2704||249|2420|21.6707|0.2052|0.2833|
uk-northern-ireland-politics_42|104|1514|24.9423|0.3231|0.4617||95|1427|25.5368|0.3310|0.4729|
uk-england-norfolk_8|122|1881|25.5492|0.3192|0.4403||107|1663|25.8879|0.3235|0.4410|
uk-politics_124|242|3357|24.9008|0.2456|0.3630||220|3231|26.0136|0.2502|0.3703|
uk-politics_41|360|4711|23.7528|0.2269|0.3476||283|3921|24.4664|0.2512|0.3759|
uk-england-essex_4|105|1399|22.3429|0.3372|0.4724||95|1306|23.0000|0.3442|0.4823|
uk-northern-ireland-politics_11|98|1313|23.8980|0.3168|0.4447||91|1260|23.9011|0.3310|0.4611|
uk-england-suffolk_27|158|2211|22.9810|0.3231|0.4722||130|1985|24.0923|0.3448|0.4959|
uk_3|139|1191|16.7122|0.2863|0.4313||119|1137|18.1345|0.2975|0.4476|
uk-northern-ireland-politics_38|61|762|20.8361|0.3832|0.4994||49|647|21.3265|0.3971|0.5168|
uk-northern-ireland-politics_12|57|808|23.4737|0.3849|0.5123||50|726|23.4800|0.3995|0.5342|
uk-scotland_1|253|2876|18.8024|0.3036|0.4264||225|2773|19.8756|0.3133|0.4397|
uk-politics_205|406|5026|23.6084|0.2102|0.3119||345|4586|24.9565|0.2195|0.3242|
uk-politics_63|595|7188|24.4017|0.1820|0.2713||503|6584|25.6561|0.1926|0.2849|
election--wales_3|134|967|13.7537|0.3142|0.4426||71|652|15.7183|0.4032|0.5434|
uk-politics_27|410|5195|24.2463|0.2162|0.3196||331|4475|24.8066|0.2375|0.3446|
uk-scotland_104|438|4991|21.1963|0.2277|0.3408||344|4342|21.9506|0.2600|0.3815|
uk-politics-parliaments_60|106|1400|22.8491|0.3059|0.4397||94|1399|25.6277|0.3068|0.4422|
uk-england-beds-bucks-herts_8|95|1213|20.9474|0.3704|0.5269||92|1181|21.0761|0.3667|0.5215|
uk-politics-parliaments_28|105|1286|21.6952|0.3174|0.4383||90|1281|24.9444|0.3194|0.4432|
uk-england-leeds_13|284|2611|18.6479|0.2090|0.2966||240|2515|20.6542|0.2140|0.3049|
election-_11|1071|10342|21.3016|0.1434|0.2158||833|9085|22.5906|0.1623|0.2424|
uk_18|402|3220|16.6219|0.2068|0.3133||303|2952|19.4059|0.2196|0.3338|
uk-scotland-scotland-politics_46|324|3921|23.8302|0.2053|0.3006||293|3663|24.2150|0.2137|0.3120|
uk-scotland-scotland-politics_20|323|3923|23.0372|0.2262|0.3334||302|3837|23.7483|0.2310|0.3402|
world-europe_19|122|1416|18.2623|0.3676|0.5101||105|1367|20.2667|0.3708|0.5143|
uk-politics_65|273|3447|23.2308|0.2346|0.3371||235|3188|24.4298|0.2444|0.3496|
world-us-canada_6|140|1192|16.4786|0.2991|0.3909||93|958|18.7312|0.3324|0.4267|
world-africa_2|160|2253|23.0688|0.3322|0.4673||141|2204|24.9645|0.3415|0.4807|
uk-politics_239|762|8252|22.6745|0.1673|0.2518||551|6748|24.2686|0.1877|0.2774|
uk-scotland_8|261|3085|19.6858|0.2927|0.4364||227|2878|20.5947|0.3057|0.4540|
uk-politics_116|162|2377|24.9938|0.2796|0.4102||134|2287|28.8134|0.2857|0.4202|
uk-scotland_123|287|3648|20.2265|0.3178|0.4736||261|3488|20.9234|0.3294|0.4895|
uk-england-northamptonshire_12|104|1376|22.5481|0.3228|0.4732||99|1332|22.5758|0.3298|0.4826|
uk-england-northamptonshire_19|107|1370|22.1215|0.3363|0.4790||95|1321|23.6842|0.3391|0.4857|
uk-england-suffolk_2|169|2180|23.7041|0.2599|0.3705||134|1881|25.1791|0.2756|0.3869|
world-africa_15|117|1413|19.5043|0.3598|0.5168||99|1363|21.5253|0.3702|0.5323|
uk-england-norfolk_2|143|1751|21.3217|0.3031|0.4386||124|1582|21.9758|0.3130|0.4503|
uk-scotland_40|261|3296|20.8966|0.3042|0.4465||235|3066|21.1787|0.3155|0.4621|
uk-politics_195|269|3565|24.8364|0.2404|0.3697||220|3317|27.6000|0.2482|0.3830|
uk-politics-parliaments_56|335|3766|21.2985|0.2266|0.3357||264|3434|24.2197|0.2363|0.3478|
uk-england-cambridgeshire_20|78|1052|22.9103|0.3542|0.4908||73|1034|23.3562|0.3648|0.5027|
uk-england-suffolk_4|123|1811|24.0569|0.3380|0.4962||103|1639|25.5340|0.3536|0.5134|
uk-scotland_67|586|5641|19.7133|0.1797|0.2805||420|4583|20.9095|0.2071|0.3160|
uk-scotland_54|240|2066|15.6708|0.2877|0.4010||193|1969|17.9948|0.3023|0.4260|
uk-england-northamptonshire_17|141|1692|21.3404|0.3101|0.4293||128|1689|22.8672|0.3170|0.4401|
uk-england-suffolk_11|81|1115|23.2716|0.3533|0.4803||68|997|24.2500|0.3681|0.4972|
uk-wales-politics_5|78|752|16.8462|0.3615|0.4388||70|723|17.6571|0.3730|0.4557|
uk-england-northamptonshire_27|167|2216|23.2395|0.2937|0.4337||146|1988|23.3836|0.3087|0.4544|
uk-scotland_71|322|4149|20.6398|0.2975|0.4433||297|3956|21.0943|0.3049|0.4539|
uk-politics_69|808|8162|22.9530|0.1442|0.2192||654|7225|24.2156|0.1562|0.2345|
uk-england-essex_5|125|1546|20.9200|0.3258|0.4624||108|1417|21.7778|0.3418|0.4871|
world-europe_11|624|5608|20.3429|0.1737|0.2545||489|5179|23.0920|0.1841|0.2695|
uk-politics_181|166|1919|22.4337|0.2605|0.3824||142|1669|22.4789|0.2751|0.3996|
uk-england-beds-bucks-herts_31|161|2231|24.0559|0.2887|0.4261||148|2105|24.3919|0.2958|0.4357|
uk-politics-parliaments_35|56|835|25.7143|0.3438|0.4782||48|835|29.8125|0.3452|0.4819|
uk-scotland_73|352|4063|18.6051|0.2921|0.4348||293|3691|19.4915|0.3136|0.4638|
uk-politics_97|449|5789|23.9332|0.2076|0.3206||356|4859|24.4466|0.2273|0.3447|
uk-england-northamptonshire_2|64|911|25.2969|0.3539|0.4970||58|909|27.3103|0.3605|0.5082|
uk-scotland_114|394|4599|18.8325|0.2980|0.4402||352|4343|19.6364|0.3066|0.4522|
uk-scotland_157|342|4018|18.5877|0.3123|0.4656||307|3905|19.7101|0.3188|0.4759|
world-us-canada_20|166|1935|19.9518|0.3010|0.4171||113|1516|21.7168|0.3386|0.4638|
uk-england-northamptonshire_7|108|1921|29.2778|0.3226|0.4733||96|1688|28.2917|0.3490|0.5041|
uk-scotland_85|362|4289|20.2845|0.2800|0.4108||311|3893|21.0193|0.2946|0.4269|
uk-scotland_121|251|3430|22.1235|0.3150|0.4658||215|3078|22.1349|0.3421|0.4987|
uk-england-northamptonshire_20|185|2457|26.1351|0.2455|0.3553||159|2100|26.0377|0.2548|0.3632|
world-asia_8|310|3291|20.1355|0.2257|0.3250||265|3061|21.4868|0.2352|0.3379|
uk-england-norfolk_14|98|1095|19.3878|0.3363|0.4750||88|1064|20.7500|0.3406|0.4802|
world-africa_11|142|1622|20.4014|0.2855|0.4080||106|1393|22.8113|0.3069|0.4356|
uk-scotland_125|203|2637|19.4138|0.3697|0.5291||163|2429|21.6687|0.3867|0.5518|
uk-politics_225|317|4112|24.7886|0.2270|0.3508||270|3745|26.1889|0.2376|0.3647|
uk-politics_28|650|7506|23.6600|0.1760|0.2627||509|6373|24.5855|0.1957|0.2884|
uk-scotland_13|247|3007|19.3279|0.3161|0.4498||215|2812|20.2233|0.3321|0.4709|
uk_8|358|4223|25.1369|0.1800|0.2660||290|3684|25.6207|0.2000|0.2937|
uk-scotland_17|256|3381|20.3203|0.3226|0.4800||225|3156|21.0178|0.3392|0.5035|
uk-northern-ireland-politics_13|107|1632|25.2804|0.3257|0.4579||96|1520|25.8646|0.3371|0.4688|
uk-england-leeds_7|300|2528|17.9800|0.2054|0.2723||244|2386|20.0779|0.2176|0.2888|
uk-politics_202|474|5438|21.2532|0.2190|0.3211||346|4355|22.2688|0.2467|0.3585|
uk-england-leeds_11|318|2769|18.6164|0.1966|0.2808||255|2560|20.5843|0.2124|0.3027|
uk-england-leeds_18|262|2412|18.9962|0.2142|0.3013||243|2407|19.9506|0.2189|0.3078|
uk-politics_123|261|3562|24.7548|0.2512|0.3680||210|3041|25.7429|0.2669|0.3868|
magazine_1|207|2620|23.1159|0.2667|0.3721||164|2342|25.2622|0.2812|0.3894|
uk-politics_149|641|7041|23.3323|0.1662|0.2536||497|5912|24.2294|0.1839|0.2773|
uk-politics_151|286|3776|22.8881|0.2537|0.3656||251|3445|23.4462|0.2658|0.3815|
uk-politics_157|351|4675|24.6838|0.2243|0.3418||270|3930|25.8704|0.2488|0.3693|
uk-politics_23|794|8360|22.5378|0.1584|0.2415||628|7211|23.2548|0.1780|0.2682|
uk-politics_104|180|2589|23.5333|0.3119|0.4507||135|2205|25.5926|0.3462|0.4869|
election-_1|495|5604|22.0828|0.1984|0.2966||388|4834|23.3479|0.2144|0.3182|
world-europe_21|328|3439|20.3232|0.2313|0.3298||257|3062|22.2957|0.2476|0.3499|
_4|345|3871|23.5043|0.1826|0.2795||238|2893|23.9160|0.2136|0.3141|
uk-politics-eu-referendum_1|430|5367|24.2349|0.1920|0.3066||383|5041|25.0287|0.1989|0.3184|
uk-politics_131|209|2865|25.0478|0.2481|0.3629||192|2834|26.8281|0.2495|0.3654|
uk-scotland_9|411|4759|19.4063|0.2842|0.4280||371|4493|19.8491|0.2979|0.4449|
uk-politics_54|432|5763|24.9259|0.2152|0.3278||367|5144|25.6022|0.2287|0.3452|
uk-politics_78|259|3845|27.0849|0.2321|0.3457||211|3742|32.0616|0.2344|0.3498|
uk-politics_250|250|3992|28.9200|0.2362|0.3562||213|3945|33.2864|0.2384|0.3600|
uk-scotland_112|240|2923|21.4250|0.2752|0.4147||196|2481|21.2857|0.3044|0.4490|
uk-politics_34|310|4049|24.6613|0.2213|0.3235||261|3619|25.7011|0.2333|0.3370|
uk-wales-politics_18|105|1385|20.6476|0.3732|0.5031||83|1293|23.7952|0.3868|0.5230|
uk-politics_86|221|2934|25.0633|0.2490|0.3678||192|2739|26.7031|0.2547|0.3758|
world-asia_6|208|2111|20.1442|0.2279|0.3191||162|1911|22.3642|0.2437|0.3365|
uk-scotland_140|359|4337|20.7632|0.2663|0.4013||301|3786|20.7575|0.2919|0.4340|
uk-scotland-scotland-politics_43|349|4034|22.4728|0.2066|0.3039||306|3849|24.0948|0.2121|0.3120|
uk-england-cambridgeshire_15|95|1170|20.8421|0.3475|0.4813||89|1133|21.4382|0.3532|0.4874|
world-us-canada_11|326|3752|20.4908|0.2487|0.3672||252|3308|22.4444|0.2725|0.3975|
uk-england-beds-bucks-herts_26|91|1245|22.3516|0.3791|0.5380||81|1152|23.0000|0.3865|0.5519|
uk-england-suffolk_22|84|1246|24.0000|0.3586|0.4868||71|1160|26.0282|0.3701|0.5004|
uk-england-essex_11|107|1631|24.5140|0.3401|0.4963||95|1532|25.5895|0.3517|0.5117|
uk-wales-politics_21|81|1041|20.2222|0.3816|0.5215||61|994|25.0820|0.3902|0.5344|
world-europe_3|601|6041|21.3228|0.1856|0.2723||473|5153|22.1628|0.2045|0.2925|
uk-scotland_46|434|5291|21.1498|0.2523|0.3756||365|4746|21.6411|0.2733|0.4008|
uk-politics_143|278|3867|25.6583|0.2361|0.3522||237|3689|28.3080|0.2427|0.3634|
uk-politics_155|111|1478|22.3604|0.3300|0.4753||101|1366|22.3663|0.3409|0.4831|
uk-scotland_135|394|3865|17.3731|0.2530|0.3620||346|3688|18.5867|0.2600|0.3702|
uk-scotland_3|280|3172|20.4571|0.2706|0.3918||232|2863|21.2629|0.2939|0.4192|
uk-politics-parliaments_12|584|6294|21.4281|0.1909|0.2902||490|6036|23.9694|0.1981|0.3005|
uk-politics_67|484|4329|19.6942|0.1792|0.2637||382|3965|21.6990|0.1957|0.2852|
uk-scotland_2|408|5113|20.3260|0.2887|0.4276||375|4895|20.7520|0.2985|0.4405|
world-europe_20|418|3865|18.2249|0.2233|0.3217||300|3241|20.4800|0.2422|0.3438|
uk_15|212|2804|26.4953|0.2058|0.2979||163|2281|27.3865|0.2209|0.3167|
election--wales_2|158|1329|15.8734|0.2959|0.4213||82|827|17.2073|0.3749|0.4913|
uk-scotland-scotland-politics_53|376|4263|23.0027|0.1828|0.2642||351|4190|23.8661|0.1867|0.2698|
world-us-canada_7|255|2041|17.0039|0.2629|0.3426||190|1868|19.3684|0.2886|0.3749|
uk-scotland_42|391|4657|19.7928|0.2725|0.4090||344|4427|20.9826|0.2828|0.4221|
uk-politics_145|437|5769|25.6156|0.1987|0.3004||339|4851|26.8142|0.2184|0.3262|
uk-england-suffolk_23|121|1719|22.6281|0.3367|0.4929||96|1562|25.1875|0.3540|0.5134|
uk-scotland_50|321|3964|19.9813|0.2933|0.4379||294|3852|20.6361|0.3038|0.4520|
uk-scotland-scotland-politics_27|528|4838|20.1098|0.1704|0.2588||468|4687|21.0833|0.1796|0.2733|
uk-scotland_31|207|2388|18.8696|0.3379|0.4816||173|2194|19.9249|0.3589|0.5064|
election-_19|402|4872|24.6318|0.1937|0.2833||302|4168|26.5199|0.2185|0.3156|
uk-northern-ireland-politics_29|80|1022|23.1750|0.3155|0.4272||67|870|22.8806|0.3366|0.4462|
world-us-canada_14|167|1482|15.8922|0.3229|0.4369||121|1329|18.9256|0.3376|0.4593|
uk-scotland-scotland-politics_38|92|924|17.7174|0.3442|0.4384||69|860|20.8986|0.3689|0.4738|
uk-wales-politics_6|104|1176|19.5096|0.3342|0.4947||71|919|21.7606|0.3586|0.5230|
uk-politics_91|84|1143|23.5238|0.3355|0.4621||77|1025|23.1688|0.3352|0.4582|
uk-england-leeds_14|261|1978|15.1992|0.2314|0.3413||213|1845|16.7934|0.2441|0.3591|
uk-politics_42|421|4457|21.1734|0.2078|0.2988||349|4175|23.3352|0.2195|0.3157|
uk-england-northamptonshire_9|102|1174|21.8333|0.2811|0.4082||94|1083|21.7660|0.2845|0.4093|
uk-politics_5|83|1154|23.7470|0.3359|0.4645||71|1011|23.7746|0.3549|0.4817|
uk-scotland_70|327|3710|19.2722|0.2934|0.4126||283|3470|20.4841|0.3021|0.4230|
uk-politics-parliaments_55|424|4981|21.3042|0.2283|0.3467||346|4642|23.8757|0.2371|0.3607|
uk-politics-parliaments_38|320|4222|22.7937|0.2719|0.4121||282|4032|24.3050|0.2788|0.4224|
uk-northern-ireland-politics_15|73|1106|24.7534|0.3647|0.5043||65|1019|25.2462|0.3736|0.5138|
uk-scotland-scotland-politics_19|444|4839|22.2725|0.1895|0.2771||403|4631|22.9380|0.1956|0.2860|
uk-scotland_110|306|3900|20.8333|0.2867|0.4291||258|3488|21.3915|0.3068|0.4501|
world-middle-east_5|247|2509|18.6599|0.2636|0.3679||195|2342|21.7385|0.2696|0.3761|
uk-politics_21|271|3744|24.8561|0.2493|0.3795||223|3526|27.9507|0.2564|0.3907|
uk-politics_49|239|3275|26.2218|0.2312|0.3402||200|3226|30.3650|0.2355|0.3465|
uk-politics_252|323|3888|23.2322|0.2188|0.3310||255|3334|24.4980|0.2387|0.3583|
uk-scotland_35|498|5292|21.7892|0.1754|0.2736||399|4579|22.4687|0.1960|0.3030|
uk-england-essex_14|119|1607|22.4538|0.3286|0.4670||107|1482|23.0093|0.3351|0.4753|
world-africa_12|195|2656|24.6615|0.2635|0.3753||164|2465|26.3171|0.2785|0.3960|
uk-england-leeds_6|313|2704|18.3930|0.1940|0.2748||253|2516|20.4664|0.2061|0.2895|
uk-politics_179|254|3232|25.3701|0.2211|0.3225||187|2611|26.6417|0.2521|0.3552|
uk-politics_215|353|4571|24.4703|0.2146|0.3242||310|4270|25.4419|0.2261|0.3401|
uk-politics_107|90|1244|23.5778|0.3318|0.4633||84|1198|24.0714|0.3388|0.4697|
uk-politics-parliaments_65|405|5341|24.5654|0.2114|0.3187||318|4618|26.1824|0.2262|0.3395|
uk-politics_74|1771|19062|24.2287|0.1213|0.1892||1440|17083|25.4868|0.1327|0.2047|
uk-politics_102|122|1752|25.3361|0.3025|0.4152||108|1639|26.4444|0.3106|0.4247|
uk-england-norfolk_9|108|1417|21.4444|0.3420|0.4837||100|1361|22.1100|0.3505|0.4925|
uk-scotland_128|325|4244|20.9815|0.2978|0.4442||305|4119|21.4262|0.3045|0.4526|
uk-politics-parliaments_25|141|2096|26.7021|0.2637|0.3876||123|2084|30.2602|0.2654|0.3915|
uk-politics_264|389|5081|24.3059|0.2178|0.3250||352|4915|25.7756|0.2214|0.3300|
uk-scotland-scotland-politics_34|406|4518|22.0961|0.1970|0.2853||378|4403|22.6878|0.2021|0.2928|
uk-scotland_38|288|3795|21.3264|0.3041|0.4408||246|3556|22.8252|0.3183|0.4601|
uk-scotland_52|287|3846|21.4251|0.3030|0.4522||258|3621|21.9574|0.3142|0.4653|
uk-scotland_148|400|4890|23.4875|0.2296|0.3426||344|4472|24.2994|0.2431|0.3599|
uk-politics_115|146|1525|20.7534|0.2752|0.3736||123|1456|22.4228|0.2926|0.3998|
uk_17|220|2542|20.9045|0.2474|0.3850||170|2123|21.7235|0.2719|0.4182|
uk-northern-ireland-politics_1|127|1752|24.6220|0.2878|0.4129||115|1610|24.5304|0.2981|0.4254|
uk-scotland_122|212|2682|19.2500|0.3521|0.5060||187|2586|20.8717|0.3590|0.5176|
uk-politics_66|813|8553|22.3124|0.1630|0.2445||654|7583|23.6804|0.1756|0.2619|
technology_1|458|3419|16.0218|0.1966|0.3013||364|3240|18.2940|0.2080|0.3205|
uk-england-beds-bucks-herts_34|144|2219|26.6875|0.2974|0.4271||127|1972|26.7402|0.3107|0.4399|
uk-england-northamptonshire_18|75|1019|22.6933|0.3637|0.5042||67|959|23.7910|0.3657|0.5050|
election-_9|909|9958|23.6546|0.1578|0.2419||764|9108|24.8312|0.1688|0.2573|
uk-politics_154|300|4144|23.9233|0.2526|0.3706||264|3946|25.4242|0.2609|0.3817|
uk_6|143|1736|21.6154|0.2989|0.4413||137|1699|21.9489|0.3030|0.4471|
uk-politics_188|147|1781|22.7143|0.2752|0.4072||124|1516|22.3952|0.2982|0.4327|
world_4|201|2333|21.9502|0.2403|0.3511||144|1810|22.3264|0.2743|0.3905|
uk-scotland-scotland-politics_16|349|3773|20.4642|0.2274|0.3317||303|3628|22.2178|0.2332|0.3411|
uk-politics_245|529|7192|26.6219|0.1922|0.2783||436|6348|27.6697|0.2046|0.2918|
world-europe_16|616|6693|21.2256|0.1978|0.2943||521|6051|22.2399|0.2063|0.3053|
uk-scotland-scotland-politics_52|262|2818|19.4733|0.2521|0.3674||242|2775|20.6818|0.2539|0.3707|
uk-scotland_75|313|3754|18.9361|0.3231|0.4671||278|3617|20.0288|0.3342|0.4841|
uk-scotland_139|63|700|19.0476|0.3817|0.5007||47|579|20.5957|0.4081|0.5231|
uk-wales-politics_24|85|978|18.7647|0.3843|0.5125||58|806|21.8621|0.4132|0.5539|
uk-politics_18|270|3610|24.3926|0.2414|0.3464||232|3416|26.3793|0.2492|0.3564|
uk-northern-ireland-politics_40|167|2158|23.8563|0.2666|0.3918||144|1960|24.4931|0.2815|0.4114|
uk-politics_48|245|2918|23.4082|0.2373|0.3388||214|2748|24.5748|0.2470|0.3520|
uk-politics-parliaments_42|365|4231|21.5096|0.2382|0.3648||306|4032|23.9706|0.2469|0.3783|
uk-scotland_43|372|4252|20.4220|0.2564|0.3865||322|4012|21.4876|0.2713|0.4060|
uk-england-northamptonshire_14|90|1451|26.1000|0.3533|0.4980||85|1445|27.4118|0.3545|0.5000|
election--scotland_1|1174|8968|17.3876|0.1359|0.2036||888|7669|18.6869|0.1510|0.2221|
uk-scotland_76|538|4542|18.4312|0.1764|0.2615||423|4075|20.0922|0.1921|0.2832|
uk-scotland_147|250|3502|22.9600|0.3000|0.4430||221|3185|22.7376|0.3190|0.4662|
uk-england-essex_17|109|1509|23.0734|0.3392|0.4951||101|1453|23.9010|0.3418|0.4983|
uk-politics_164|320|4248|25.1594|0.2251|0.3336||287|4126|27.0557|0.2287|0.3385|
uk-northern-ireland-politics_32|114|1723|26.2719|0.3175|0.4487||107|1623|26.2150|0.3255|0.4575|
uk-politics-parliaments_13|337|3926|21.4421|0.2354|0.3499||277|3574|23.2383|0.2476|0.3667|
uk-wales_3|182|1445|16.0220|0.2377|0.3404||114|1054|17.2632|0.2846|0.3894|
uk-politics_263|302|3869|23.6060|0.2432|0.3577||264|3820|26.4621|0.2458|0.3629|
uk-scotland-scotland-politics_3|424|4639|21.4835|0.2046|0.3006||400|4590|22.0550|0.2097|0.3079|
uk-england-cambridgeshire_16|83|1040|22.5663|0.3385|0.4730||69|932|22.9420|0.3645|0.5066|
uk-politics-parliaments_36|306|3570|21.5196|0.2421|0.3594||263|3307|22.9962|0.2483|0.3683|
uk-scotland-scotland-politics_8|368|4263|21.5707|0.2220|0.3266||331|3993|22.3051|0.2258|0.3312|
uk-england-northamptonshire_30|174|2151|21.9598|0.2813|0.4043||151|1906|22.0331|0.2991|0.4254|
uk-politics-parliaments_57|279|3332|22.4086|0.2361|0.3606||244|3172|24.2500|0.2403|0.3674|
science-environment_4|613|4670|16.4209|0.1837|0.2703||439|4226|19.5695|0.2021|0.2989|
world-middle-east_4|243|2947|22.8272|0.2338|0.3398||198|2598|24.3131|0.2430|0.3494|
uk-wales-politics_8|77|933|19.6104|0.3894|0.5222||59|883|23.7119|0.4060|0.5401|
