Topic|Corpus Size|Concept Size|Avg words per sentence|Lexical Diversity|LD without stopwords|Number of documents||Corpus Size after|Concept Size after|Avg words per sentence after|Lexical Diversity after|LD without stopwords after|Number of documents after|
5|105|1459|21.5714|0.3205|0.3306|5||96|1455|23.2812|0.3230|0.3330|5|
11|121|1724|19.5207|0.4102|0.4178|7||114|1692|20.2544|0.4127|0.4203|7|
4|458|4871|17.5044|0.2910|0.2969|13||379|4770|19.9683|0.3006|0.3067|13|
8|106|1661|22.1132|0.3511|0.3554|4||100|1658|23.2900|0.3521|0.3564|4|
10|317|4294|19.7571|0.3082|0.3184|14||291|4223|20.9931|0.3112|0.3215|14|
7|166|2327|19.3072|0.3719|0.3826|7||144|2309|21.7708|0.3767|0.3875|7|
6|300|4753|23.1733|0.3205|0.3290|10||286|4634|23.6084|0.3238|0.3326|10|
2|906|9945|16.9172|0.2805|0.2865|10||729|9488|19.5514|0.2903|0.2967|10|
3|158|2113|18.0506|0.3913|0.3990|10||151|2101|18.7086|0.3933|0.4009|10|
9|1065|14861|22.9953|0.2131|0.2184|12||957|14047|23.7137|0.2203|0.2258|12|
