Topic|Corpus Size|Concept Size|Avg words per sentence|Lexical Diversity|LD without stopwords|Number of documents||Corpus Size after|Concept Size after|Avg words per sentence after|Lexical Diversity after|LD without stopwords after|Number of documents after|
D0712C|252|3033|26.9127|0.1814|0.2550|25||181|2376|28.0663|0.2010|0.2751|25|
D0725F|359|5076|27.0641|0.1924|0.2786|25||301|4388|26.8073|0.2094|0.2995|25|
D0726F|488|6542|24.7459|0.2066|0.2983|25||346|5158|25.8353|0.2373|0.3339|25|
D0742J|741|9233|25.9595|0.1533|0.2292|25||604|8288|27.7765|0.1620|0.2408|25|
D0723F|806|10267|24.2878|0.1768|0.2680|25||559|8116|25.1896|0.2118|0.3167|25|
D0705A|343|4730|26.0787|0.2073|0.2983|25||291|4306|27.3814|0.2164|0.3101|25|
D0745J|524|5372|20.7634|0.1951|0.2855|25||385|4408|22.1532|0.2146|0.3107|25|
D0736H|688|8185|21.1105|0.2437|0.3512|25||465|6658|23.8753|0.2769|0.3951|25|
D0737I|440|7140|27.1795|0.2298|0.3439|25||374|6472|28.0080|0.2477|0.3703|25|
D0701A|1137|12555|22.4565|0.1745|0.2655|25||816|10647|24.1973|0.1999|0.3022|25|
D0717D|554|5441|23.6949|0.1318|0.1863|25||458|4812|23.9017|0.1418|0.1982|25|
D0715D|322|4270|26.2081|0.2038|0.2960|25||274|3767|26.3650|0.2158|0.3103|25|
D0718D|652|7690|22.1702|0.2038|0.2930|25||461|6432|23.8829|0.2360|0.3353|25|
D0721E|649|8128|25.2527|0.1738|0.2617|25||430|6224|26.6884|0.2068|0.3070|25|
D0710C|368|3913|23.6250|0.1693|0.2433|25||287|3433|24.4111|0.1890|0.2688|25|
D0709B|960|9581|19.3302|0.2099|0.3019|25||550|6876|21.5109|0.2650|0.3801|25|
D0724F|794|9500|23.9055|0.1617|0.2405|25||613|8076|24.5840|0.1810|0.2695|25|
D0730G|562|6073|26.6797|0.1427|0.2103|25||411|5260|27.3577|0.1710|0.2494|25|
D0744J|697|8452|23.6112|0.1800|0.2663|25||536|7131|24.1325|0.2044|0.3033|25|
D0734H|765|9208|22.6876|0.1852|0.2742|25||555|7551|23.9279|0.2123|0.3112|25|
D0720E|345|5002|29.4725|0.1814|0.2683|25||304|4626|29.8553|0.1912|0.2823|25|
D0743J|556|7453|24.5090|0.1955|0.2922|25||440|6382|25.4886|0.2125|0.3150|25|
D0716D|307|3761|26.6059|0.1943|0.2739|25||226|3192|28.5442|0.2141|0.3004|25|
D0728G|767|9074|23.0574|0.1686|0.2534|25||635|8158|24.1386|0.1799|0.2707|25|
D0740I|440|5786|25.1182|0.2110|0.3066|25||359|5208|26.0919|0.2320|0.3356|25|
D0733H|811|10777|24.8693|0.1976|0.3039|25||618|8722|24.8204|0.2259|0.3443|25|
D0731G|552|5961|21.6413|0.1830|0.2770|25||356|4775|24.6545|0.2124|0.3176|25|
D0732H|164|2896|29.6707|0.2647|0.3672|25||155|2733|29.4968|0.2692|0.3702|25|
D0706B|468|6257|24.9808|0.2066|0.3128|25||397|5459|24.7305|0.2241|0.3396|25|
D0741I|1475|12793|20.2610|0.1290|0.1979|25||988|10451|21.8532|0.1574|0.2392|25|
D0735H|956|12126|24.9801|0.1664|0.2579|25||740|10384|26.2581|0.1829|0.2836|25|
D0722E|286|4111|27.4685|0.1992|0.2814|25||261|3804|27.5747|0.2038|0.2869|25|
D0713C|284|4172|28.6338|0.1992|0.2807|25||198|3083|28.2879|0.2280|0.3136|25|
D0703A|171|2877|30.7661|0.2275|0.3214|25||152|2640|31.4079|0.2340|0.3290|25|
D0711C|515|6978|26.5010|0.1733|0.2547|25||380|5504|26.6289|0.1940|0.2823|25|
D0714D|832|10233|24.7284|0.1597|0.2381|25||604|8156|25.3046|0.1840|0.2705|25|
D0719E|245|4015|28.4857|0.2285|0.3296|25||213|3631|29.1690|0.2337|0.3342|25|
D0738I|252|3843|25.3254|0.2615|0.3587|25||232|3685|25.9483|0.2648|0.3616|25|
D0739I|863|9632|21.3337|0.1943|0.2974|25||587|7677|22.8603|0.2309|0.3514|25|
D0727G|612|5748|21.7369|0.1465|0.2117|25||446|4854|23.0874|0.1655|0.2388|25|
D0708B|182|2942|27.5604|0.2590|0.3675|25||168|2773|27.7500|0.2679|0.3795|25|
D0707B|222|3263|27.5315|0.2201|0.3126|25||180|2843|28.2444|0.2374|0.3352|25|
D0704A|262|4656|29.3473|0.2502|0.3567|25||205|3765|29.1561|0.2742|0.3873|25|
D0729G|623|6039|23.0754|0.1440|0.2126|25||447|5132|25.2506|0.1631|0.2386|25|
D0702A|802|10849|24.0549|0.2003|0.2996|25||597|9218|25.8291|0.2241|0.3331|25|
