Topic|Corpus Size|Concept Size|Avg words per sentence|Lexical Diversity|LD without stopwords|Number of documents||Corpus Size after|Concept Size after|Avg words per sentence after|Lexical Diversity after|LD without stopwords after|Number of documents|
d30001t|183|2651|27.4426|0.2170|0.3092|10||152|2240|27.1776|0.2317|0.3251|10|
d30002t|170|2537|23.3882|0.3058|0.4141|10||140|2219|23.8929|0.3262|0.4383|10|
d30003t|188|2785|25.9362|0.2432|0.3472|10||151|2271|25.5232|0.2574|0.3664|10|
d30005t|190|3019|28.4105|0.2377|0.3522|10||160|2673|28.6750|0.2552|0.3780|10|
d30007t|179|2317|24.9497|0.2427|0.3368|10||148|2206|25.4797|0.2755|0.3784|10|
d30011t|229|3026|23.3188|0.2515|0.3651|10||177|2546|24.2655|0.2705|0.3883|10|
d30015t|281|2939|27.6833|0.1581|0.2231|10||170|2499|28.0353|0.2283|0.3228|10|
d30020t|193|2698|22.7565|0.3108|0.4448|10||149|2255|23.5436|0.3387|0.4809|10|
d30022t|211|3002|26.6161|0.2103|0.2956|10||174|2566|26.7989|0.2228|0.3104|10|
d30024t|510|4916|25.3588|0.1502|0.2276|10||249|3917|27.0803|0.2443|0.3693|10|
d30029t|214|1686|24.1028|0.1499|0.2035|10||123|1421|25.2602|0.2134|0.2843|10|
d30031t|286|2606|25.0734|0.1588|0.2306|10||153|2392|27.0784|0.2549|0.3722|10|
d30036t|330|4471|25.6182|0.2337|0.3475|10||240|3665|25.6375|0.2758|0.4076|10|
d30038t|244|2272|21.4467|0.1892|0.2641|10||128|1596|23.6406|0.2445|0.3285|10|
d30044t|161|1941|21.9752|0.2600|0.3590|10||123|1610|21.5366|0.2982|0.4055|10|
d30046t|413|5836|26.0630|0.2137|0.3385|10||304|4641|26.2105|0.2444|0.3850|10|
d30047t|221|2523|26.2896|0.1910|0.2735|10||154|2251|27.4221|0.2377|0.3388|10|
d30048t|247|3864|28.6923|0.2210|0.3241|10||190|3324|29.2158|0.2508|0.3657|10|
d30049t|270|3993|29.0259|0.2163|0.3195|10||194|3171|28.8505|0.2530|0.3703|10|
d30053t|237|3431|25.8650|0.2424|0.3561|10||188|2878|25.9840|0.2686|0.3889|10|
d30056t|161|1504|22.5404|0.2034|0.2748|10||109|1291|22.0826|0.2613|0.3555|10|
d30028t|174|1464|22.1552|0.1837|0.2427|10||93|1166|23.1505|0.2750|0.3534|10|
d30050t|422|5158|27.4739|0.1761|0.2692|10||231|4023|28.3723|0.2580|0.3897|10|
d30026t|381|5000|27.9108|0.1821|0.2666|10||261|4118|27.1456|0.2382|0.3482|10|
d30006t|391|3888|23.7826|0.1638|0.2500|10||230|3153|24.4000|0.2386|0.3583|10|
d30040t|161|1444|24.2547|0.1944|0.2636|10||94|1315|23.9043|0.3120|0.4259|10|
d30033t|204|3106|25.5686|0.2648|0.3719|10||159|2608|26.5346|0.2863|0.3973|10|
d30051t|278|3713|26.6439|0.2107|0.3108|10||203|3094|26.7931|0.2495|0.3661|10|
d30027t|346|5545|26.7197|0.2383|0.3594|10||259|4501|27.5058|0.2695|0.4049|10|
d30034t|156|1859|23.6154|0.2595|0.3485|10||114|1669|23.5000|0.3262|0.4364|10|
d30008t|202|3195|26.2772|0.2696|0.3805|10||160|2677|26.5688|0.2938|0.4118|10|
d30045t|458|4747|22.8450|0.1754|0.2621|10||300|4222|25.6533|0.2178|0.3230|10|
d30042t|167|2137|27.4132|0.2187|0.3181|10||118|1759|27.2119|0.2656|0.3814|10|
d30059t|196|2183|22.7449|0.2358|0.3418|10||146|1838|22.9521|0.2725|0.3940|10|
d30017t|216|3644|27.8889|0.2537|0.3675|10||171|3171|29.4211|0.2739|0.3936|10|
d30010t|221|2531|24.0045|0.2189|0.3130|10||143|2051|25.1329|0.2743|0.3863|10|
d30055t|152|1984|25.0132|0.2344|0.3271|10||127|1801|25.6378|0.2506|0.3523|10|
d30037t|183|2435|26.5464|0.2390|0.3400|10||122|1987|26.9426|0.3039|0.4291|10|
d31009t|156|2154|23.2756|0.2749|0.3904|10||138|1929|23.1377|0.2850|0.4015|10|
d31031t|352|3806|25.6790|0.1735|0.2663|10||222|3364|26.6622|0.2406|0.3704|10|
d31038t|156|2413|27.0577|0.2620|0.3805|10||127|2053|27.2835|0.2794|0.4039|10|
d31022t|334|1859|20.8383|0.1292|0.1846|10||150|1558|22.7733|0.2307|0.3237|10|
d31001t|277|3641|24.4801|0.2289|0.3421|10||225|3253|26.0044|0.2413|0.3580|10|
d31026t|446|5036|21.8049|0.1922|0.3012|10||320|4307|24.1594|0.2216|0.3451|10|
d31033t|605|7857|27.2000|0.1643|0.2454|10||420|6449|27.5238|0.2006|0.2991|10|
d31050t|265|3799|26.5358|0.2172|0.3064|10||208|3126|26.1394|0.2374|0.3325|10|
d31032t|155|1862|24.0258|0.2393|0.3371|10||111|1584|24.9910|0.2783|0.3909|10|
d31008t|435|4000|27.3701|0.1465|0.2111|10||164|2718|27.8841|0.2867|0.4021|10|
d31043t|157|1599|24.9236|0.1914|0.2694|10||112|1487|25.1161|0.2478|0.3496|10|
d31013t|474|6417|24.6793|0.2081|0.3234|10||350|5287|26.2371|0.2280|0.3546|10|
