Topic|Corpus Size|Concept Size|Avg words per sentence|Lexical Diversity|LD without stopwords|Number of documents||Corpus Size after|Concept Size after|Avg words per sentence after|Lexical Diversity after|LD without stopwords after|Number of documents after|
D0630C|914|12368|26.2976|0.1648|0.2453|25||655|9890|27.3099|0.1918|0.2839|25|
D0622D|802|8272|21.6309|0.1599|0.2365|25||645|7381|23.1519|0.1696|0.2490|25|
D0613D|1169|13196|20.6818|0.1980|0.3010|25||778|10493|22.4550|0.2390|0.3607|25|
D0634G|817|11030|25.3660|0.1716|0.2619|25||633|9154|25.8404|0.1915|0.2905|25|
D0615F|1351|13840|23.4759|0.1322|0.2056|25||904|11064|24.7046|0.1589|0.2464|25|
D0633F|1165|13263|23.8532|0.1423|0.2162|25||789|10440|25.0646|0.1698|0.2566|25|
D0617H|452|5690|26.0708|0.1704|0.2561|25||385|5239|27.2571|0.1801|0.2698|25|
D0610A|1306|15054|22.3729|0.1689|0.2542|25||938|12296|23.4563|0.1980|0.2942|25|
D0631D|779|9247|23.2465|0.1834|0.2797|25||641|8252|24.2699|0.1967|0.2992|25|
D0649D|647|8420|23.8485|0.1972|0.2896|25||520|7353|24.6981|0.2149|0.3130|25|
D0611B|1023|12267|21.5191|0.2074|0.3056|25||842|11073|22.4941|0.2252|0.3315|25|
D0609I|323|4291|27.8731|0.1761|0.2537|25||269|3875|28.5279|0.1893|0.2709|25|
D0605E|1175|12850|20.9038|0.1653|0.2443|25||943|11364|22.0064|0.1790|0.2635|25|
D0635H|1267|13211|23.6938|0.1284|0.1977|25||905|10985|24.3293|0.1547|0.2384|25|
D0614E|711|9439|26.2785|0.1663|0.2537|25||531|7791|27.4539|0.1861|0.2853|25|
D0636I|869|9949|26.5581|0.1255|0.1862|25||651|8720|27.1075|0.1491|0.2204|25|
D0607G|447|7197|27.0291|0.2246|0.3283|25||384|6465|27.4401|0.2390|0.3470|25|
D0620B|973|12197|24.1912|0.1634|0.2437|25||681|9719|25.4068|0.1917|0.2814|25|
D0637A|216|3403|26.0833|0.2673|0.3700|25||196|3200|26.6276|0.2763|0.3824|25|
D0601A|1158|15121|24.2815|0.1685|0.2565|25||855|12652|25.8187|0.1912|0.2894|25|
D0618I|394|5906|26.9518|0.2077|0.3071|25||347|5412|27.2161|0.2201|0.3251|25|
D0645I|731|9056|26.0301|0.1549|0.2279|25||551|7752|27.1125|0.1760|0.2578|25|
D0643G|410|6025|26.6585|0.1983|0.2862|25||345|5416|27.5797|0.2097|0.3024|25|
D0623E|447|6326|24.8523|0.2222|0.3198|25||363|5456|25.5813|0.2392|0.3426|25|
D0625G|168|2950|29.0119|0.2649|0.3706|25||156|2836|29.5769|0.2722|0.3803|25|
D0629B|595|7146|22.9681|0.1818|0.2712|25||494|6442|23.9798|0.1931|0.2891|25|
D0621C|356|5673|29.1994|0.2033|0.2865|25||325|5330|29.2615|0.2123|0.2983|25|
D0628A|835|9912|22.5605|0.1810|0.2781|25||663|8767|23.8914|0.1986|0.3059|25|
D0603C|436|6719|27.3670|0.2111|0.3120|25||380|6198|28.3526|0.2191|0.3233|25|
D0639C|594|8233|28.6549|0.1548|0.2373|25||500|7333|29.1080|0.1658|0.2522|25|
D0626H|370|4378|26.2649|0.1652|0.2459|25||304|3930|27.1480|0.1761|0.2604|25|
D0642F|389|5648|24.3650|0.2465|0.3497|25||316|4913|25.2152|0.2636|0.3734|25|
D0619A|893|10590|24.9283|0.1478|0.2225|25||556|7585|25.7986|0.1845|0.2729|25|
D0641E|513|7238|27.6199|0.1815|0.2699|25||397|6175|27.9169|0.2096|0.3096|25|
D0640D|532|6240|24.1654|0.1663|0.2500|25||483|5935|24.6957|0.1716|0.2575|25|
D0616G|383|5219|26.5692|0.1823|0.2580|25||298|4569|27.1879|0.2045|0.2857|25|
D0624F|452|6423|26.6704|0.2023|0.3098|25||353|5357|27.1275|0.2233|0.3382|25|
D0606F|567|8257|26.9894|0.1860|0.2705|25||464|7158|27.3470|0.2023|0.2906|25|
D0638B|579|6997|24.5337|0.1742|0.2550|25||453|6198|24.8035|0.2011|0.2922|25|
D0627I|803|10988|27.1606|0.1696|0.2618|25||573|8931|27.0593|0.2066|0.3164|25|
D0644H|798|10474|26.7694|0.1476|0.2195|25||607|8655|27.3031|0.1687|0.2497|25|
D0647B|919|8633|20.3449|0.1733|0.2545|25||590|7580|24.4119|0.2035|0.3019|25|
D0612C|1144|12092|21.0044|0.1595|0.2444|25||870|10591|22.5908|0.1776|0.2721|25|
D0632E|201|2884|28.7861|0.1937|0.2662|25||192|2836|28.5365|0.2019|0.2768|25|
D0602B|868|11592|24.8387|0.1758|0.2665|25||636|9559|26.0393|0.2011|0.3015|25|
D0650E|494|6723|24.5344|0.2174|0.3265|25||375|5626|25.2240|0.2472|0.3663|25|
D0608H|777|8503|23.5727|0.1610|0.2380|25||578|7665|24.2439|0.1960|0.2881|25|
D0646A|904|9959|22.4513|0.1647|0.2550|25||698|8311|22.8926|0.1841|0.2855|25|
D0604D|883|10223|23.3307|0.1838|0.2670|25||582|8110|25.7457|0.2182|0.3179|25|
D0648C|932|11227|21.8155|0.1950|0.2963|25||665|9230|23.4346|0.2248|0.3402|25|
