Topic|Corpus Size|Concept Size|Avg words per sentence|Lexical Diversity|LD without stopwords|Number of documents||Corpus Size after|Concept Size after|Avg words per sentence after|Lexical Diversity after|LD without stopwords after|Number of documents after|
d34f|393|5204|24.7964|0.1957|0.2816|16||312|4446|25.3013|0.2162|0.3083|16|
d28e|435|4821|20.3241|0.2322|0.3409|10||332|4166|21.8404|0.2565|0.3743|10|
d14c|261|3028|21.0460|0.2449|0.3393|11||225|2727|21.5244|0.2536|0.3493|11|
d11b|272|3468|21.3897|0.2561|0.3644|8||226|3078|22.0398|0.2698|0.3808|8|
d50i|390|5200|22.6256|0.2367|0.3341|8||288|4330|24.1979|0.2599|0.3644|8|
d37g|322|4853|25.0000|0.2578|0.3696|10||287|4493|25.5296|0.2648|0.3779|10|
d08b|356|4623|22.7584|0.2467|0.3650|11||295|3980|22.8034|0.2634|0.3901|11|
d45h|366|5287|25.1831|0.2293|0.3444|11||309|4655|25.2880|0.2447|0.3673|11|
d56k|211|2743|23.4929|0.2554|0.3705|6||144|2186|24.4792|0.3038|0.4275|6|
d44h|317|4773|25.4890|0.2545|0.3698|11||296|4586|26.0608|0.2588|0.3750|11|
d12b|265|3792|24.5321|0.2395|0.3610|8||247|3574|24.3968|0.2464|0.3718|8|
d22d|399|5376|23.6667|0.2236|0.3215|10||333|4777|24.3634|0.2375|0.3405|10|
d04a|140|2214|25.1643|0.2972|0.4076|7||138|2203|25.3043|0.2987|0.4103|7|
d57k|260|3284|21.4654|0.2729|0.3889|7||225|3025|21.8844|0.2888|0.4101|7|
d06a|738|9748|24.8984|0.1817|0.2764|16||548|7797|25.5383|0.2043|0.3087|16|
d27e|502|7235|25.8825|0.2237|0.3438|10||398|6147|26.3241|0.2484|0.3812|10|
d05a|334|4227|24.2425|0.2125|0.3132|11||275|3808|24.4436|0.2339|0.3427|11|
d15c|226|3111|24.3496|0.2317|0.3319|10||174|2498|24.6552|0.2485|0.3529|10|
d53i|380|6117|29.0789|0.2173|0.3203|11||290|4854|28.4379|0.2455|0.3600|11|
d13c|419|5652|24.8640|0.2132|0.3215|10||311|4590|25.3087|0.2467|0.3688|10|
d32f|604|7557|23.7616|0.1886|0.2760|14||454|6374|25.0529|0.2099|0.3055|14|
d30e|473|6130|23.3890|0.2245|0.3210|10||399|5355|23.6366|0.2378|0.3349|10|
d39g|379|5148|24.1108|0.2426|0.3572|9||321|4546|24.1807|0.2597|0.3791|9|
d31f|512|5288|20.1348|0.1925|0.2912|13||312|3752|21.2179|0.2335|0.3456|13|
d24d|199|2303|23.4070|0.2396|0.3423|10||129|1785|25.4884|0.2798|0.3947|10|
d43h|365|5240|25.9534|0.2185|0.3141|10||335|4890|25.9970|0.2246|0.3224|10|
d19d|283|3502|25.8834|0.1904|0.2778|10||199|2808|26.1558|0.2305|0.3344|10|
d59k|450|6192|23.8556|0.2278|0.3352|9||352|5204|24.6449|0.2480|0.3619|9|
d54i|390|5331|24.0359|0.2256|0.3503|10||349|4850|24.0774|0.2317|0.3620|10|
d41g|540|7538|23.6593|0.2311|0.3377|11||393|6125|24.7710|0.2644|0.3863|11|
