Topic|Corpus Size|Concept Size|Avg words per sentence|Lexical Diversity|LD without stopwords|Number of documents||Corpus Size after|Concept Size after|Avg words per sentence after|Lexical Diversity after|LD without stopwords after|Number of documents after|
d116i|330|3811|23.4152|0.1922|0.2819|10||256|3207|24.1602|0.2089|0.3083|10|
d091c|277|2447|20.0903|0.1914|0.2610|8||194|2182|22.0309|0.2258|0.3054|8|
d073b|168|2287|22.7440|0.2897|0.4028|5||139|2036|23.6475|0.3070|0.4272|5|
d093c|218|2502|20.2064|0.2633|0.3653|9||169|2138|20.6627|0.2961|0.4044|9|
d120i|348|4760|24.5690|0.2323|0.3456|10||280|4131|25.3643|0.2519|0.3744|10|
d067f|122|2014|25.6475|0.3154|0.4356|6||120|2003|25.8167|0.3173|0.4390|6|
d112h|180|2830|27.4556|0.2554|0.3646|10||158|2595|28.3544|0.2576|0.3675|10|
d111h|198|2983|24.3384|0.3005|0.4399|10||163|2538|24.4049|0.3167|0.4647|10|
d075b|274|3562|23.9635|0.2125|0.3073|10||227|3078|24.2203|0.2243|0.3212|10|
d098e|455|4524|22.6418|0.1616|0.2375|12||334|3746|24.0000|0.1785|0.2612|12|
d072f|373|5160|24.5657|0.2430|0.3470|13||274|4055|24.9964|0.2698|0.3833|13|
d108g|196|2326|20.9388|0.2707|0.3750|10||161|2092|22.3727|0.2782|0.3850|10|
d074b|147|1829|26.4082|0.2411|0.3296|6||74|1291|28.1081|0.3500|0.4765|6|
d063j|244|2773|22.3156|0.2307|0.3338|8||160|2031|23.0312|0.2681|0.3713|8|
d114h|378|3946|20.4815|0.1940|0.2740|15||318|3508|21.3616|0.1980|0.2799|15|
d095c|236|2988|21.9364|0.2556|0.3663|10||170|2482|23.9824|0.2833|0.4039|10|
d113h|112|1736|25.5000|0.3396|0.4859|5||102|1664|25.8824|0.3527|0.5057|5|
d083a|219|2498|22.1826|0.2186|0.2914|6||171|2295|22.7661|0.2504|0.3298|6|
d119i|194|2951|26.4588|0.2603|0.3693|11||171|2669|26.6959|0.2697|0.3811|11|
d065j|289|3507|22.3841|0.2379|0.3566|8||198|2651|22.8283|0.2796|0.4198|8|
d082a|197|3189|27.4975|0.2673|0.3864|10||146|2500|27.5479|0.3001|0.4291|10|
d090d|232|3070|23.5776|0.2709|0.3882|10||164|2501|24.7256|0.3097|0.4355|10|
d115i|261|2860|21.6973|0.2094|0.2937|9||214|2520|22.1776|0.2244|0.3130|9|
d078b|282|3293|20.6915|0.2754|0.3884|10||191|2497|21.7173|0.3168|0.4433|10|
d089d|382|4046|21.3639|0.1958|0.2715|10||279|3470|22.2330|0.2257|0.3092|10|
d094c|180|2813|25.8389|0.2862|0.4103|9||143|2320|25.3497|0.3178|0.4499|9|
d079a|314|3675|23.2898|0.1984|0.2734|9||235|3070|24.6596|0.2133|0.2912|9|
d097e|220|3214|24.7636|0.2572|0.3602|10||173|2696|25.1618|0.2814|0.3878|10|
d069f|327|4928|27.0092|0.2206|0.3221|14||229|3731|27.2489|0.2564|0.3656|14|
d107g|224|3461|24.6339|0.2798|0.3955|9||190|3078|24.9895|0.2970|0.4161|9|
d105g|243|4107|27.7284|0.2569|0.3874|12||219|3735|27.6712|0.2660|0.3981|12|
d104g|341|2626|17.7566|0.2003|0.2713|9||215|2496|19.3488|0.2776|0.3809|9|
d103g|205|2481|21.7220|0.2704|0.3659|10||150|2027|22.9467|0.2949|0.3908|10|
d077b|316|3862|22.4842|0.2308|0.3333|10||241|3245|23.6141|0.2550|0.3652|10|
d096c|214|2781|22.0280|0.2862|0.3985|10||162|2309|23.3210|0.3092|0.4307|10|
d081a|268|3828|25.3022|0.2227|0.3180|12||241|3501|25.1992|0.2314|0.3283|12|
d085d|216|3072|23.3333|0.2714|0.3813|9||170|2548|23.3588|0.2997|0.4130|9|
d109h|141|2283|29.9433|0.2385|0.3354|10||140|2282|30.1286|0.2385|0.3355|10|
d061j|185|2279|22.8432|0.2482|0.3355|6||139|1827|22.8705|0.2759|0.3656|6|
d084a|383|3631|21.6501|0.1801|0.2685|11||266|2938|23.1015|0.2057|0.3060|11|
d099e|408|4931|20.9657|0.2511|0.3671|9||307|4145|22.2671|0.2801|0.4093|9|
d068f|130|1539|22.2923|0.2622|0.3625|5||89|1206|24.1573|0.2907|0.3962|5|
d070f|150|1992|23.4400|0.2614|0.3528|11||130|1762|23.5538|0.2704|0.3643|11|
d102e|638|6570|21.8652|0.1758|0.2620|14||384|4777|23.4010|0.2221|0.3268|14|
d080a|536|5958|21.9478|0.1871|0.2766|11||374|4840|23.7727|0.2174|0.3162|11|
d087d|293|4128|24.0444|0.2718|0.3787|10||241|3592|24.5477|0.2912|0.4011|10|
d110h|439|4648|21.6333|0.1903|0.2680|15||339|4027|22.1681|0.2122|0.2964|15|
d106g|218|2580|20.0505|0.2793|0.3956|10||158|2008|20.3671|0.3139|0.4352|10|
d118i|319|4443|25.1066|0.2316|0.3391|10||238|3683|26.3529|0.2589|0.3762|10|
d100e|573|6081|20.5428|0.2064|0.3081|15||359|4309|21.3677|0.2541|0.3755|15|
d117i|252|3687|25.3690|0.2808|0.3997|10||208|3104|24.9760|0.3053|0.4347|10|
d076b|298|4068|23.8859|0.2567|0.3835|10||202|3128|25.1584|0.2987|0.4435|10|
d071f|127|1500|19.0945|0.3625|0.4990|6||89|1188|20.1798|0.4092|0.5598|6|
d066j|190|2787|23.6684|0.3058|0.4414|7||162|2453|23.6790|0.3298|0.4733|7|
d092c|272|2989|19.5515|0.2744|0.3792|10||183|2500|22.7377|0.2982|0.4108|10|
d064j|180|2868|26.3500|0.2933|0.4197|7||137|2401|27.7810|0.3182|0.4513|7|
d101e|360|4074|23.8750|0.1985|0.2960|10||246|3449|25.2480|0.2436|0.3675|10|
d062j|113|1938|26.9292|0.3247|0.4558|5||101|1765|27.0990|0.3281|0.4569|5|
d086d|405|4427|21.5259|0.2014|0.2847|11||310|3903|22.9387|0.2219|0.3131|11|
